1 0.4140625 0.14921875 0.02734375 0.06796875
1 0.52109375 0.93984375 0.03828125 0.1109375
0 0.38359375 0.55703125 0.0796875 0.15859375
0 0.51875 0.50859375 0.08828125 0.15625
0 0.6703125 0.44375 0.084375 0.16875
0 0.75234375 0.39765625 0.0859375 0.15703125
0 0.57265625 0.20078125 0.07109375 0.10625
0 0.303125 0.16171875 0.06171875 0.10390625
0 0.28984375 0.3125 0.0625 0.11796875
0 0.2171875 0.11015625 0.0734375 0.13984375
0 0.371875 0.0609375 0.0484375 0.08046875
0 0.54765625 0.06796875 0.06015625 0.08203125
0 0.425 0.0359375 0.06171875 0.06640625
0 0.60546875 0.91875 0.09765625 0.1421875
0 0.74609375 0.94453125 0.09375 0.1046875