0 0.51953125 0.59765625 0.11171875 0.27421875
0 0.4203125 0.33203125 0.0421875 0.09296875
0 0.43828125 0.3671875 0.0546875 0.09140625
0 0.46484375 0.4515625 0.0765625 0.14375
0 0.51953125 0.36328125 0.03359375 0.06484375
0 0.71328125 0.43203125 0.071875 0.0640625
0 0.4546875 0.62578125 0.05 0.11875
0 0.43125 0.546875 0.04921875 0.09140625
0 0.415625 0.484375 0.03671875 0.06640625
0 0.4109375 0.4484375 0.04375 0.059375
0 0.3890625 0.40859375 0.04375 0.0578125
0 0.384375 0.35390625 0.028125 0.05234375
0 0.34453125 0.34921875 0.04375 0.04375
0 0.32109375 0.36015625 0.028125 0.0421875
0 0.3265625 0.4015625 0.0328125 0.05234375
0 0.33359375 0.4546875 0.0296875 0.06484375
0 0.3609375 0.4328125 0.0296875 0.059375
0 0.37265625 0.48359375 0.040625 0.07109375
0 0.37421875 0.55 0.0359375 0.07421875
0 0.403125 0.63125 0.0484375 0.14375
0 0.33984375 0.6640625 0.053125 0.11875
0 0.33359375 0.5671875 0.04375 0.09453125
0 0.32734375 0.509375 0.0359375 0.0765625
0 0.29609375 0.33125 0.028125 0.0625
0 0.28671875 0.40546875 0.03359375 0.0578125
0 0.29453125 0.37109375 0.0296875 0.06640625
0 0.284375 0.4625 0.03671875 0.0609375
0 0.284375 0.49921875 0.05 0.05078125
0 0.28203125 0.55 0.0515625 0.09453125
0 0.2765625 0.625 0.0453125 0.10546875
0 0.2765625 0.70546875 0.0515625 0.13359375
0 0.2015625 0.696875 0.06640625 0.15078125
0 0.2015625 0.55390625 0.0890625 0.20546875
0 0.18359375 0.46484375 0.0484375 0.05625
0 0.2484375 0.4484375 0.02890625 0.06796875
0 0.25234375 0.3828125 0.053125 0.12734375
1 0.36484375 0.775 0.0609375 0.14765625
1 0.47421875 0.746875 0.04453125 0.1203125