0 0.24609375 0.41953125 0.03515625 0.03359375
1 0.28203125 0.42578125 0.0203125 0.0484375
0 0.23671875 0.46796875 0.03359375 0.0515625
0 0.26328125 0.45 0.03125 0.0515625
0 0.2765625 0.4734375 0.02421875 0.059375
0 0.3265625 0.475 0.05234375 0.053125
0 0.37578125 0.55859375 0.0421875 0.07421875
0 0.3421875 0.60546875 0.0578125 0.06484375
0 0.3140625 0.6625 0.05078125 0.0921875
0 0.38203125 0.67265625 0.05625 0.08203125
0 0.4609375 0.621875 0.06328125 0.08671875
0 0.45625 0.5265625 0.0875 0.1375
0 0.38984375 0.42265625 0.06875 0.1
0 0.46171875 0.46015625 0.06640625 0.1015625
0 0.58046875 0.5796875 0.12109375 0.18671875
0 0.53359375 0.471875 0.04765625 0.05625
0 0.50390625 0.6859375 0.075 0.07734375
0 0.5109375 0.82578125 0.09296875 0.1125
0 0.60078125 0.81484375 0.0765625 0.13046875
0 0.56640625 0.90625 0.1046875 0.1125
0 0.28671875 0.7578125 0.07578125 0.11484375
0 0.26171875 0.6703125 0.05625 0.0984375
0 0.36796875 0.8328125 0.075 0.1109375
0 0.3046875 0.878125 0.05859375 0.12265625
0 0.66484375 0.9359375 0.1171875 0.12578125
0 0.7578125 0.859375 0.2125 0.28125
0 0.696875 0.65234375 0.0625 0.0953125
0 0.74765625 0.62890625 0.06640625 0.096875
0 0.67890625 0.553125 0.06328125 0.07890625
0 0.63671875 0.559375 0.04140625 0.07890625
0 0.6078125 0.49609375 0.04453125 0.05625
0 0.5421875 0.76328125 0.07109375 0.0875