0 0.55078125 0.92109375 0.046875 0.1
0 0.50390625 0.82734375 0.04609375 0.08359375
0 0.5125 0.73125 0.034375 0.075
0 0.559375 0.61640625 0.03359375 0.07734375
0 0.61875 0.53828125 0.0515625 0.053125
0 0.215625 0.83359375 0.04921875 0.08515625
0 0.32109375 0.81875 0.046875 0.08828125
0 0.22421875 0.71953125 0.08125 0.10546875
0 0.3453125 0.63203125 0.0296875 0.0578125
0 0.35078125 0.56484375 0.02734375 0.04375
0 0.3796875 0.50546875 0.02734375 0.04921875
0 0.3203125 0.54453125 0.03046875 0.05546875
0 0.3625 0.44140625 0.0203125 0.0375
0 0.46875 0.55078125 0.0421875 0.1125
0 0.540625 0.54765625 0.03046875 0.059375
0 0.5625 0.5140625 0.0265625 0.040625
0 0.49921875 0.503125 0.02578125 0.05078125
0 0.52421875 0.48515625 0.0234375 0.0546875
0 0.490625 0.4609375 0.0234375 0.03984375
0 0.3171875 0.44453125 0.02421875 0.03984375
0 0.33046875 0.40078125 0.0171875 0.03125
0 0.3109375 0.3953125 0.0171875 0.02734375
0 0.34609375 0.38125 0.0171875 0.03359375
0 0.39765625 0.33671875 0.02421875 0.05625
0 0.4828125 0.3921875 0.0203125 0.03515625
0 0.5125 0.409375 0.0203125 0.03359375
0 0.4984375 0.428125 0.01953125 0.0375
0 0.52578125 0.4359375 0.01953125 0.0375
0 0.54453125 0.4703125 0.02890625 0.06640625
0 0.76015625 0.66328125 0.02734375 0.065625
0 0.30625 0.36484375 0.01171875 0.0265625