1 0.50546875 0.515625 0.025 0.059375
1 0.41171875 0.5203125 0.01953125 0.059375
1 0.2265625 0.8203125 0.02890625 0.07421875
0 0.16875 0.9046875 0.05625 0.11484375
0 0.209375 0.93515625 0.07578125 0.1125
0 0.3046875 0.88984375 0.090625 0.18046875
0 0.39921875 0.81953125 0.0515625 0.13046875
0 0.33828125 0.7625 0.05859375 0.0890625
0 0.32109375 0.709375 0.0578125 0.07890625
0 0.18359375 0.8125 0.0625 0.1109375
0 0.3484375 0.5765625 0.06484375 0.08359375
0 0.378125 0.67265625 0.04921875 0.13046875
0 0.440625 0.6859375 0.04765625 0.1015625
0 0.4125 0.63359375 0.03203125 0.06953125
0 0.43984375 0.59375 0.03515625 0.06328125
0 0.46953125 0.5625 0.028125 0.06484375
0 0.49609375 0.5796875 0.03359375 0.07734375
0 0.44453125 0.53828125 0.03203125 0.05625
0 0.471875 0.509375 0.025 0.0421875
0 0.47890625 0.47109375 0.03203125 0.0515625
0 0.49921875 0.44140625 0.03125 0.040625
0 0.540625 0.490625 0.03125 0.0609375
0 0.5359375 0.45546875 0.03515625 0.046875
0 0.559375 0.45625 0.02890625 0.0515625
0 0.55703125 0.403125 0.02734375 0.06953125
0 0.5890625 0.42421875 0.02890625 0.0515625
0 0.5953125 0.3875 0.03359375 0.06328125
0 0.63671875 0.3875 0.0203125 0.03515625
0 0.5703125 0.334375 0.04140625 0.0375
0 0.6125 0.3125 0.01953125 0.02890625
0 0.6046875 0.35234375 0.025 0.03515625
0 0.6546875 0.321875 0.0171875 0.03203125
0 0.64296875 0.3046875 0.01484375 0.03359375