0 0.83515625 0.66640625 0.06484375 0.07890625
0 0.68046875 0.59296875 0.08046875 0.0921875
0 0.6046875 0.53359375 0.0609375 0.06640625
0 0.53359375 0.52109375 0.1171875 0.12421875
0 0.55234375 0.6109375 0.121875 0.17890625
0 0.50390625 0.68125 0.06171875 0.07109375
0 0.46796875 0.62421875 0.0515625 0.0875
0 0.409375 0.6140625 0.05078125 0.0890625
0 0.38203125 0.68203125 0.0515625 0.0875
0 0.3390625 0.74375 0.06796875 0.096875
0 0.41796875 0.77734375 0.06875 0.10625
0 0.5140625 0.8234375 0.07890625 0.1078125
0 0.6 0.8140625 0.08046875 0.12578125
0 0.56640625 0.9171875 0.08046875 0.13203125
0 0.665625 0.9359375 0.10078125 0.12578125
0 0.4046875 0.94375 0.10078125 0.1125
0 0.30390625 0.8296875 0.06171875 0.11640625
0 0.26875 0.715625 0.07109375 0.11640625
0 0.25703125 0.63984375 0.04765625 0.08046875
0 0.29609375 0.6140625 0.040625 0.08671875
0 0.3375 0.584375 0.04140625 0.05625
0 0.36484375 0.534375 0.04609375 0.07734375
0 0.25078125 0.49921875 0.02734375 0.0625
0 0.28671875 0.50234375 0.028125 0.0625
0 0.4375 0.44921875 0.0828125 0.11640625
0 0.38515625 0.42109375 0.06796875 0.103125
0 0.54453125 0.45390625 0.040625 0.04375
0 0.490625 0.4375 0.03671875 0.05625
0 0.259375 0.44453125 0.03515625 0.0375
0 0.2765625 0.31015625 0.0375 0.059375