0 0.24609375 0.88046875 0.04921875 0.08828125
0 0.30703125 0.746875 0.040625 0.07421875
0 0.37421875 0.66796875 0.0359375 0.075
0 0.26796875 0.728125 0.040625 0.0828125
0 0.2234375 0.725 0.08125 0.1046875
0 0.50859375 0.775 0.0375 0.0765625
0 0.5609375 0.840625 0.0390625 0.09453125
0 0.6140625 0.7109375 0.03046875 0.07109375
0 0.7609375 0.6640625 0.0328125 0.06171875
0 0.56328125 0.6890625 0.034375 0.0578125
0 0.51796875 0.63828125 0.0296875 0.06171875
0 0.509375 0.57109375 0.0265625 0.05078125
0 0.53125 0.51484375 0.028125 0.06015625
0 0.57265625 0.50859375 0.03359375 0.05546875
0 0.38203125 0.53359375 0.02734375 0.04453125
0 0.32109375 0.54296875 0.0265625 0.046875
0 0.3484375 0.49921875 0.021875 0.0453125
0 0.359375 0.446875 0.02109375 0.0453125
0 0.3171875 0.465625 0.02265625 0.03828125
0 0.51640625 0.4703125 0.02578125 0.04765625
0 0.4296875 0.4421875 0.04140625 0.08359375
0 0.5421875 0.47109375 0.02578125 0.04296875
0 0.4796875 0.43828125 0.02578125 0.040625
0 0.52734375 0.4359375 0.03046875 0.04296875
0 0.50078125 0.4296875 0.0265625 0.040625
0 0.50703125 0.40078125 0.01875 0.02734375
0 0.46796875 0.40625 0.02578125 0.03359375
0 0.4890625 0.3796875 0.02421875 0.03046875
0 0.46171875 0.36171875 0.02265625 0.025
0 0.34921875 0.38125 0.015625 0.03203125
0 0.32890625 0.38359375 0.0203125 0.034375
0 0.39296875 0.33125 0.02109375 0.0484375
0 0.4453125 0.33125 0.01484375 0.021875
0 0.30859375 0.37578125 0.0203125 0.02734375