0 0.26171875 0.4625 0.08515625 0.16640625
0 0.2953125 0.31875 0.0734375 0.146875
0 0.4015625 0.3984375 0.09375 0.1609375
0 0.50078125 0.66484375 0.11328125 0.2125
0 0.509375 0.909375 0.13359375 0.17890625
0 0.56875 0.60546875 0.10703125 0.21328125
0 0.7734375 0.46796875 0.128125 0.20625
0 0.3984375 0.2453125 0.08984375 0.12421875
0 0.29296875 0.13046875 0.06640625 0.12109375
0 0.21328125 0.07734375 0.06640625 0.090625
0 0.3171875 0.0625 0.0546875 0.1
1 0.4109375 0.1515625 0.05078125 0.0875
1 0.259375 0.1984375 0.04140625 0.090625