0 0.68046875 0.78828125 0.196875 0.15625
0 0.51015625 0.77265625 0.06484375 0.07890625
0 0.51953125 0.728125 0.040625 0.07109375
0 0.51953125 0.678125 0.03671875 0.07734375
0 0.46875 0.70546875 0.0484375 0.06796875
0 0.47109375 0.65078125 0.04765625 0.0953125
0 0.55859375 0.578125 0.040625 0.06796875
0 0.4125 0.621875 0.034375 0.05625
0 0.39140625 0.5953125 0.0453125 0.0609375
0 0.3546875 0.6 0.0390625 0.06328125
0 0.325 0.603125 0.04453125 0.0578125
0 0.32734375 0.53359375 0.0609375 0.103125
0 0.4 0.45 0.0484375 0.07890625
0 0.45703125 0.3859375 0.0375 0.0625
0 0.57265625 0.396875 0.0265625 0.06953125
0 0.60703125 0.446875 0.03671875 0.06953125
0 0.5359375 0.35546875 0.025 0.02578125