0 0.1765625 0.9015625 0.0859375 0.11640625
0 0.2546875 0.78515625 0.09375 0.121875
0 0.2765625 0.821875 0.06640625 0.0953125
0 0.390625 0.746875 0.06484375 0.1140625
0 0.33203125 0.7578125 0.0625 0.096875
0 0.32109375 0.71640625 0.059375 0.08203125
0 0.3796875 0.6640625 0.05546875 0.10390625
0 0.3578125 0.6515625 0.04375 0.0703125
0 0.46484375 0.62109375 0.0453125 0.078125
0 0.41328125 0.63125 0.03671875 0.07109375
0 0.34609375 0.5765625 0.05 0.09609375
0 0.43984375 0.54921875 0.07265625 0.096875
0 0.40625 0.54921875 0.03046875 0.05546875
0 0.50078125 0.56796875 0.04140625 0.06171875
0 0.4640625 0.56015625 0.0390625 0.06171875
0 0.4984375 0.509375 0.03203125 0.0546875
0 0.54765625 0.4875 0.03046875 0.04765625
0 0.46875 0.47265625 0.03359375 0.0453125
0 0.453125 0.50078125 0.0296875 0.03828125
0 0.4984375 0.43671875 0.034375 0.05625
0 0.54140625 0.4453125 0.03046875 0.0453125
0 0.5953125 0.40078125 0.02890625 0.059375
0 0.5640625 0.4140625 0.021875 0.0453125
0 0.5515625 0.3921875 0.021875 0.034375
0 0.540625 0.37265625 0.02578125 0.0359375
0 0.596875 0.3578125 0.02421875 0.03359375
0 0.62578125 0.34765625 0.02109375 0.03046875
0 0.61328125 0.37109375 0.021875 0.03515625