0 0.78515625 0.69375 0.22109375 0.33203125
0 0.61328125 0.4921875 0.0546875 0.0796875
0 0.61953125 0.396875 0.053125 0.0609375
0 0.7140625 0.43515625 0.08125 0.0578125
0 0.325 0.278125 0.02578125 0.04609375
0 0.3625 0.26171875 0.0296875 0.0453125
0 0.29375 0.2921875 0.01953125 0.02734375
0 0.3796875 0.34921875 0.0234375 0.05234375
0 0.43125 0.3453125 0.0609375 0.12578125
0 0.46640625 0.45390625 0.08125 0.15625
0 0.52890625 0.59921875 0.11328125 0.259375
0 0.45390625 0.62890625 0.05 0.11328125
0 0.43359375 0.54609375 0.0453125 0.08671875
0 0.41484375 0.4859375 0.03203125 0.05390625
0 0.3796875 0.54921875 0.03515625 0.08125
0 0.39765625 0.628125 0.0546875 0.13203125
0 0.37578125 0.48203125 0.0328125 0.05625
0 0.365625 0.4421875 0.028125 0.05234375
0 0.36015625 0.39453125 0.02421875 0.0546875
0 0.3234375 0.36328125 0.02578125 0.05078125
0 0.3296875 0.40703125 0.02578125 0.0609375
0 0.3328125 0.453125 0.03359375 0.0625
0 0.328125 0.50703125 0.0375 0.078125
0 0.3328125 0.58203125 0.0375 0.08515625
0 0.34453125 0.696875 0.0625 0.12734375
0 0.27734375 0.725 0.05234375 0.13046875
0 0.27421875 0.62109375 0.0453125 0.10546875
0 0.28359375 0.54375 0.04140625 0.08984375