0 0.1640625 0.89765625 0.03984375 0.1140625
0 0.2203125 0.93125 0.08671875 0.0921875
0 0.35 0.81171875 0.0640625 0.1296875
0 0.434375 0.703125 0.03203125 0.07578125
0 0.47578125 0.60703125 0.0296875 0.06171875
0 0.528125 0.52265625 0.03359375 0.06484375
1 0.51875 0.47578125 0.01328125 0.03203125
0 0.34609375 0.57890625 0.04296875 0.08125
0 0.259375 0.71796875 0.0578125 0.05
0 0.39921875 0.5640625 0.0296875 0.03984375
0 0.475 0.5453125 0.028125 0.046875
0 0.5140625 0.4296875 0.02578125 0.04140625
0 0.48671875 0.4546875 0.0296875 0.034375
0 0.55078125 0.428125 0.01953125 0.03828125
0 0.5765625 0.37421875 0.02265625 0.04375
0 0.55703125 0.46640625 0.0265625 0.03515625
0 0.596875 0.4046875 0.0203125 0.0375