0 0.06640625 0.75 0.12109375 0.1390625
0 0.41640625 0.58359375 0.14453125 0.209375
0 0.39375 0.45546875 0.10703125 0.12265625
0 0.575 0.65546875 0.0734375 0.12265625
0 0.6140625 0.56640625 0.0609375 0.0875
0 0.665625 0.6703125 0.06484375 0.1046875
1 0.596875 0.95 0.0640625 0.1
0 0.640625 0.453125 0.0421875 0.06328125
0 0.69296875 0.4703125 0.040625 0.07734375
0 0.678125 0.365625 0.03515625 0.08046875
0 0.5265625 0.38359375 0.0390625 0.07578125
0 0.490625 0.39375 0.03125 0.0546875
0 0.5453125 0.3375 0.0265625 0.0453125