0 0.72109375 0.79921875 0.1859375 0.18046875
0 0.5359375 0.790625 0.071875 0.0875
0 0.52890625 0.73828125 0.0578125 0.07421875
0 0.52109375 0.709375 0.0375 0.0484375
0 0.47734375 0.73828125 0.04375 0.08046875
0 0.453125 0.6828125 0.059375 0.059375
0 0.534375 0.6234375 0.03671875 0.08046875
0 0.41171875 0.62265625 0.0375 0.06640625
0 0.3921875 0.59765625 0.03203125 0.059375
0 0.3515625 0.60234375 0.034375 0.0625
0 0.32265625 0.596875 0.03515625 0.0578125
0 0.3296875 0.53046875 0.0578125 0.09375
0 0.39765625 0.4546875 0.0421875 0.07265625
0 0.459375 0.390625 0.03515625 0.0546875
0 0.56484375 0.41484375 0.03359375 0.07265625
0 0.60625 0.44609375 0.034375 0.07734375
0 0.5578125 0.36796875 0.0171875 0.02109375
1 0.50546875 0.36015625 0.0171875 0.02890625
0 0.5375 0.35390625 0.01953125 0.03203125