0 0.2171875 0.596875 0.22421875 0.19375
0 0.275 0.69609375 0.1078125 0.2046875
0 0.5625 0.7109375 0.04453125 0.09375
0 0.6265625 0.4984375 0.0453125 0.12421875
0 0.7078125 0.41875 0.03671875 0.0625
0 0.675 0.3859375 0.02109375 0.04375
0 0.471875 0.4671875 0.04609375 0.05
0 0.4453125 0.43203125 0.04140625 0.0609375
0 0.35859375 0.56171875 0.07109375 0.07109375
0 0.4984375 0.39453125 0.03515625 0.046875
0 0.53046875 0.39375 0.0375 0.0515625
0 0.55390625 0.36796875 0.025 0.0453125
0 0.58515625 0.30234375 0.025 0.02578125
1 0.65078125 0.30078125 0.034375 0.05625
1 0.67734375 0.44609375 0.01484375 0.053125
1 0.6609375 0.42578125 0.03203125 0.06640625