0 0.61796875 0.8859375 0.06953125 0.13515625
0 0.6640625 0.95234375 0.10234375 0.075
0 0.5640625 0.7484375 0.06796875 0.10625
0 0.43046875 0.45390625 0.0421875 0.06015625
0 0.48203125 0.45390625 0.04609375 0.07265625
0 0.62421875 0.58125 0.05703125 0.08046875
0 0.36953125 0.50625 0.04375 0.06875
0 0.31015625 0.44375 0.04453125 0.078125
0 0.409375 0.275 0.03828125 0.05546875
0 0.5109375 0.3046875 0.03671875 0.06015625
0 0.30390625 0.35078125 0.0328125 0.06015625
0 0.2953125 0.28203125 0.0328125 0.0625
0 0.36171875 0.24296875 0.0328125 0.05546875
0 0.84296875 0.73671875 0.0578125 0.08515625
0 0.7609375 0.8984375 0.090625 0.13046875
0 0.33984375 0.78125 0.053125 0.1171875
0 0.63984375 0.44765625 0.09296875 0.153125
0 0.57421875 0.3671875 0.08046875 0.12734375
0 0.41484375 0.16953125 0.04921875 0.0828125
0 0.30703125 0.1484375 0.02734375 0.03984375
0 0.32890625 0.19609375 0.0234375 0.0359375
0 0.23671875 0.11953125 0.02578125 0.0359375
0 0.20625 0.153125 0.02265625 0.040625
0 0.234375 0.18046875 0.02109375 0.0359375
0 0.20625 0.03515625 0.0203125 0.03046875
0 0.28671875 0.09140625 0.03125 0.0578125
0 0.35078125 0.16640625 0.04140625 0.07265625
0 0.334375 0.109375 0.021875 0.0359375
0 0.21796875 0.21171875 0.0203125 0.04609375