0 0.48984375 0.32421875 0.06171875 0.11171875
0 0.5625 0.425 0.04765625 0.059375
0 0.72578125 0.65703125 0.21171875 0.26796875
0 0.51171875 0.79140625 0.08203125 0.17421875
0 0.44296875 0.82734375 0.0953125 0.21484375
0 0.51953125 0.59296875 0.11171875 0.24921875
0 0.45703125 0.425 0.065625 0.16640625
0 0.42578125 0.34296875 0.05390625 0.11171875
0 0.3421875 0.2546875 0.03671875 0.0375
0 0.2921875 0.246875 0.02421875 0.04765625
0 0.32421875 0.33203125 0.01796875 0.0578125
0 0.32734375 0.37890625 0.021875 0.05078125
0 0.32734375 0.4203125 0.03125 0.0609375
0 0.33203125 0.5265625 0.04609375 0.08828125
0 0.3484375 0.71953125 0.071875 0.1375
0 0.3921875 0.64453125 0.06015625 0.1203125
0 0.378125 0.55234375 0.04140625 0.078125
0 0.440625 0.575 0.05 0.08828125
0 0.3703125 0.465625 0.03828125 0.06796875
0 0.35859375 0.409375 0.02890625 0.07109375
0 0.39765625 0.41640625 0.03359375 0.05078125
0 0.4125 0.4703125 0.03671875 0.0765625
0 0.3828125 0.35546875 0.02578125 0.0421875
0 0.375 0.3046875 0.025 0.04609375
0 0.4171875 0.2515625 0.0171875 0.04765625
0 0.22578125 0.55625 0.04609375 0.0984375
0 0.16796875 0.825 0.12578125 0.34921875
0 0.2765625 0.69296875 0.0578125 0.12734375
0 0.2828125 0.57109375 0.04921875 0.09296875
0 0.2453125 0.4453125 0.04140625 0.08828125
0 0.28828125 0.48671875 0.04453125 0.078125
0 0.2875 0.43046875 0.03359375 0.07265625
0 0.296875 0.39140625 0.03203125 0.0546875
0 0.29609375 0.3421875 0.0203125 0.0546875
0 0.3125 0.2890625 0.02421875 0.0359375
0 0.271875 0.29375 0.02109375 0.0625
0 0.253125 0.275 0.0328125 0.05390625
0 0.5890625 0.94453125 0.11875 0.1109375