0 0.2921875 0.76015625 0.03671875 0.078125
0 0.34765625 0.73203125 0.04375 0.0765625
0 0.3625 0.66171875 0.03671875 0.06171875
0 0.35546875 0.590625 0.03046875 0.084375
0 0.38828125 0.5859375 0.0234375 0.05546875
0 0.40234375 0.52109375 0.02890625 0.059375
0 0.2546875 0.85703125 0.04296875 0.0796875
0 0.30390625 0.878125 0.04453125 0.0921875
0 0.38359375 0.5140625 0.01875 0.03984375
0 0.39453125 0.475 0.0203125 0.0375
0 0.4234375 0.4703125 0.02890625 0.034375
0 0.4203125 0.44453125 0.0203125 0.02578125