0 0.38515625 0.63671875 0.09296875 0.17265625
0 0.42890625 0.940625 0.0765625 0.11796875
0 0.12109375 0.86015625 0.06171875 0.140625
0 0.1125 0.75390625 0.04609375 0.1375
0 0.27265625 0.7078125 0.05625 0.090625
0 0.2234375 0.725 0.05546875 0.1015625
0 0.25625 0.6484375 0.05390625 0.0546875
0 0.4109375 0.50234375 0.0484375 0.07421875
0 0.46484375 0.515625 0.04453125 0.06484375
0 0.48828125 0.5125 0.03515625 0.07421875
0 0.51484375 0.5046875 0.040625 0.08203125
0 0.2234375 0.55078125 0.04609375 0.05
0 0.2109375 0.50390625 0.03828125 0.059375
0 0.6625 0.6125 0.07578125 0.17109375
0 0.53671875 0.496875 0.0390625 0.06640625
0 0.565625 0.4921875 0.05078125 0.07578125
0 0.81328125 0.36875 0.03125 0.0625
0 0.715625 0.31015625 0.01953125 0.046875
0 0.8 0.31796875 0.0265625 0.0453125
1 0.259375 0.43203125 0.02734375 0.0578125
1 0.2453125 0.3859375 0.02109375 0.05
0 0.21484375 0.32421875 0.0265625 0.03671875
0 0.1875 0.31171875 0.02890625 0.040625