0 0.41328125 0.77265625 0.03984375 0.09140625
0 0.33828125 0.940625 0.05703125 0.09921875
0 0.25859375 0.93515625 0.0734375 0.115625
0 0.11171875 0.90234375 0.071875 0.0875
0 0.19921875 0.9140625 0.0421875 0.11953125
0 0.3359375 0.7625 0.04609375 0.08125
0 0.37890625 0.66875 0.05 0.096875
0 0.4703125 0.61640625 0.04296875 0.05703125
0 0.5171875 0.525 0.0296875 0.05625
0 0.5203125 0.47421875 0.025 0.0421875
0 0.53359375 0.4109375 0.03359375 0.03828125
0 0.5453125 0.4828125 0.0171875 0.05
0 0.48828125 0.45625 0.0296875 0.04765625
0 0.46875 0.4828125 0.028125 0.0265625
1 0.49296875 0.52265625 0.01484375 0.03828125