0 0.7546875 0.8359375 0.0421875 0.08671875
0 0.79609375 0.77890625 0.09765625 0.19375
0 0.8625 0.8125 0.05625 0.0875
0 0.715625 0.71875 0.0390625 0.07421875
0 0.7546875 0.6875 0.059375 0.05625
0 0.73203125 0.6375 0.0375 0.06328125
0 0.80546875 0.609375 0.04921875 0.06640625
0 0.66171875 0.78828125 0.0546875 0.08359375
0 0.63515625 0.71953125 0.04375 0.08203125
0 0.61640625 0.6484375 0.04375 0.0875
0 0.565625 0.7953125 0.04609375 0.0875
0 0.5109375 0.78203125 0.0390625 0.08203125
0 0.4890625 0.7109375 0.0453125 0.06953125
0 0.546875 0.709375 0.0453125 0.07890625
0 0.5734375 0.646875 0.040625 0.06953125
0 0.55625 0.596875 0.03671875 0.0578125
0 0.525 0.60625 0.034375 0.06640625
0 0.50546875 0.52578125 0.025 0.0390625
0 0.47109375 0.5421875 0.025 0.0546875
0 0.70390625 0.53125 0.03671875 0.040625
0 0.575 0.4625 0.0375 0.04375
0 0.58984375 0.57734375 0.0484375 0.11484375
0 0.64375 0.62265625 0.034375 0.07578125
0 0.61953125 0.58046875 0.0171875 0.0546875
0 0.2828125 0.6890625 0.08671875 0.09375
0 0.46328125 0.428125 0.02421875 0.053125
0 0.5109375 0.45078125 0.021875 0.0375
0 0.51953125 0.471875 0.04765625 0.0375
0 0.52734375 0.43984375 0.0265625 0.046875
0 0.54296875 0.4609375 0.03515625 0.0515625
0 0.6609375 0.47421875 0.02734375 0.0421875
0 0.68203125 0.49375 0.034375 0.0453125
0 0.69375 0.434375 0.0265625 0.04375
0 0.73359375 0.44921875 0.03515625 0.046875
0 0.63125 0.41796875 0.0265625 0.03359375
0 0.659375 0.4265625 0.03046875 0.03203125
0 0.5890625 0.425 0.03125 0.02890625
0 0.740625 0.5328125 0.03359375 0.053125
0 0.72109375 0.56953125 0.05546875 0.0484375
1 0.534375 0.7625 0.0203125 0.06953125
1 0.659375 0.553125 0.0265625 0.06328125
0 0.53125 0.51640625 0.028125 0.03671875
0 0.4890625 0.65 0.034375 0.0578125
0 0.51640625 0.5609375 0.03203125 0.0421875
0 0.54140625 0.553125 0.03046875 0.0421875
0 0.59140625 0.51484375 0.03125 0.0421875
0 0.559375 0.51875 0.02890625 0.040625