0 0.553125 0.78203125 0.1171875 0.196875
0 0.51640625 0.965625 0.08984375 0.0625
0 0.7046875 0.4703125 0.103125 0.1578125
0 0.64765625 0.2859375 0.084375 0.12734375
0 0.52734375 0.21484375 0.06875 0.0890625
0 0.47578125 0.409375 0.08671875 0.1734375
0 0.38828125 0.45859375 0.09140625 0.203125
0 0.29296875 0.31640625 0.0640625 0.11875
0 0.0515625 0.23203125 0.08828125 0.103125
0 0.21640625 0.0875 0.05078125 0.10078125
0 0.3078125 0.16875 0.0609375 0.10234375
0 0.37578125 0.0578125 0.06328125 0.08046875
1 0.415625 0.15 0.02890625 0.078125