0 0.43671875 0.25078125 0.0328125 0.084375
0 0.4703125 0.259375 0.02109375 0.03203125
0 0.478125 0.32421875 0.02578125 0.0453125
0 0.5484375 0.446875 0.0890625 0.1546875
0 0.66171875 0.8125 0.2359375 0.375
0 0.71328125 0.428125 0.07890625 0.06484375
0 0.48828125 0.51484375 0.09375 0.21015625
0 0.4375 0.3734375 0.06640625 0.12890625
0 0.3046875 0.19375 0.015625 0.02734375
0 0.3203125 0.1984375 0.01796875 0.02890625
0 0.32421875 0.21953125 0.01796875 0.025
0 0.2984375 0.26171875 0.02421875 0.0359375
0 0.2953125 0.3015625 0.015625 0.0375
0 0.29609375 0.334375 0.028125 0.05078125
0 0.290625 0.36484375 0.0234375 0.05234375
0 0.290625 0.41875 0.03515625 0.0640625
0 0.28671875 0.4921875 0.0328125 0.0828125
0 0.2765625 0.60625 0.04609375 0.1
0 0.26875 0.76640625 0.06484375 0.14765625
0 0.33984375 0.7015625 0.05625 0.1390625
0 0.40390625 0.7046875 0.06171875 0.1453125
0 0.45625 0.86796875 0.08671875 0.18515625
0 0.48515625 0.721875 0.06875 0.1390625
0 0.3328125 0.478125 0.03984375 0.07265625
0 0.33046875 0.40625 0.03515625 0.07421875
0 0.32421875 0.34140625 0.0296875 0.05078125
0 0.31796875 0.30234375 0.01796875 0.05390625
0 0.3515625 0.3109375 0.0296875 0.05078125
0 0.384375 0.32734375 0.025 0.04609375
0 0.384375 0.36328125 0.0296875 0.05390625
0 0.36953125 0.45703125 0.03203125 0.0796875
0 0.378125 0.54609375 0.0453125 0.09296875
0 0.43515625 0.571875 0.03984375 0.09140625
0 0.4046875 0.4640625 0.0359375 0.06953125
0 0.39609375 0.40546875 0.03515625 0.06640625
0 0.23359375 0.52421875 0.04765625 0.1171875
0 0.2421875 0.42265625 0.0578125 0.140625
0 0.1921875 0.77890625 0.05625 0.1546875
1 0.1890625 0.59765625 0.02578125 0.08828125
1 0.16796875 0.67890625 0.02421875 0.09453125