0 0.2765625 0.48046875 0.04609375 0.07890625
0 0.39140625 0.3828125 0.03515625 0.07734375
0 0.43125 0.36015625 0.03828125 0.0625
0 0.4921875 0.4015625 0.05625 0.09375
0 0.38984375 0.77109375 0.075 0.1390625
0 0.5578125 0.74921875 0.065625 0.12578125
0 0.63515625 0.746875 0.0734375 0.11484375
0 0.84375 0.7296875 0.0515625 0.1078125
0 0.33671875 0.5640625 0.04765625 0.0953125
0 0.30625 0.328125 0.04453125 0.0625
0 0.37109375 0.26953125 0.02890625 0.0515625
0 0.40859375 0.25234375 0.04921875 0.1046875
0 0.35078125 0.2234375 0.03203125 0.05
0 0.4171875 0.1625 0.05234375 0.07265625
0 0.51328125 0.296875 0.03125 0.06640625
0 0.57421875 0.36484375 0.059375 0.1484375
0 0.64609375 0.45546875 0.09765625 0.18359375
0 0.61796875 0.8875 0.06328125 0.13203125
0 0.31796875 0.15234375 0.05078125 0.0890625
0 0.26015625 0.1734375 0.02890625 0.040625
0 0.221875 0.15625 0.0203125 0.0421875
0 0.2171875 0.1140625 0.028125 0.0375
0 0.21640625 0.0578125 0.025 0.0390625
0 0.25625 0.03359375 0.0234375 0.02421875
0 0.28046875 0.07421875 0.0171875 0.01796875
0 0.31875 0.09921875 0.0234375 0.02578125
0 0.19765625 0.13671875 0.0171875 0.0578125
0 0.1921875 0.09609375 0.01796875 0.02578125
0 0.28828125 0.11875 0.01328125 0.040625
0 0.27421875 0.0984375 0.01328125 0.03046875
0 0.296875 0.0984375 0.01640625 0.02734375
1 0.36875 0.1609375 0.03046875 0.0515625