0 0.3234375 0.5984375 0.021875 0.03828125
0 0.35625 0.5984375 0.028125 0.0359375
0 0.3875 0.5890625 0.025 0.04609375
0 0.50234375 0.57734375 0.01875 0.05078125
0 0.53984375 0.5453125 0.0296875 0.0390625
0 0.328125 0.53203125 0.05234375 0.08125
0 0.39921875 0.44921875 0.03671875 0.065625
0 0.53203125 0.4640625 0.01640625 0.034375
0 0.5203125 0.65703125 0.04140625 0.10703125
0 0.58984375 0.75703125 0.1359375 0.14921875
0 0.8109375 0.8078125 0.07265625 0.0546875
0 0.82421875 0.85703125 0.0796875 0.053125
0 0.41015625 0.61796875 0.02734375 0.04375
0 0.55078125 0.49921875 0.0203125 0.02578125
0 0.56015625 0.47421875 0.01796875 0.02421875
0 0.4578125 0.3921875 0.02890625 0.0453125