0 0.1625 0.4421875 0.096875 0.11484375
0 0.70234375 0.36796875 0.11875 0.24921875
0 0.696875 0.23359375 0.08984375 0.1546875
0 0.4640625 0.4203125 0.08515625 0.121875
0 0.36171875 0.415625 0.08671875 0.1359375
0 0.39140625 0.37890625 0.0625 0.09140625
0 0.4265625 0.346875 0.05859375 0.078125
0 0.4515625 0.31640625 0.05390625 0.08125
0 0.48125 0.36796875 0.06640625 0.0921875
0 0.5015625 0.33671875 0.06640625 0.09453125
0 0.5265625 0.3109375 0.053125 0.07734375
0 0.54375 0.29453125 0.05 0.075
1 0.565625 0.37265625 0.0359375 0.1046875
1 0.29921875 0.4578125 0.0421875 0.13359375
0 0.55625 0.27109375 0.0515625 0.06796875
0 0.490625 0.26875 0.05546875 0.0734375
0 0.578125 0.24453125 0.0484375 0.065625
0 0.60078125 0.22265625 0.046875 0.0625
0 0.62734375 0.20390625 0.04296875 0.0609375
0 0.53984375 0.225 0.04453125 0.05703125
0 0.5671875 0.209375 0.0390625 0.0484375