0 0.33203125 0.5296875 0.06171875 0.0921875
0 0.321875 0.60078125 0.03046875 0.0625
0 0.3546875 0.60546875 0.03515625 0.06484375
0 0.38515625 0.5921875 0.04375 0.06640625
0 0.4109375 0.6265625 0.03828125 0.07109375
0 0.4765625 0.6203125 0.04921875 0.06484375
0 0.5203125 0.6515625 0.0421875 0.0578125
0 0.46640625 0.6734375 0.03515625 0.06796875
0 0.49609375 0.75078125 0.0515625 0.07109375
0 0.51953125 0.7171875 0.0421875 0.06796875
0 0.65 0.784375 0.17890625 0.18359375
0 0.5671875 0.5421875 0.0390625 0.07265625
0 0.60078125 0.4421875 0.03046875 0.06328125
0 0.5734375 0.3890625 0.03046875 0.06328125
0 0.5390625 0.35859375 0.01953125 0.02578125
0 0.45625 0.38828125 0.034375 0.0625
0 0.3984375 0.4484375 0.0453125 0.06328125
0 0.55234375 0.27890625 0.01953125 0.0390625