0 0.2359375 0.6140625 0.06796875 0.06484375
0 0.22265625 0.7203125 0.0921875 0.12890625
0 0.215625 0.83671875 0.059375 0.090625
0 0.27265625 0.84921875 0.04609375 0.08671875
0 0.3265625 0.8265625 0.0484375 0.0953125
0 0.29765625 0.66953125 0.04765625 0.07890625
0 0.375 0.64296875 0.0453125 0.0921875
0 0.32265625 0.51875 0.04140625 0.06484375
0 0.375 0.4875 0.03046875 0.059375
0 0.34375 0.465625 0.028125 0.06484375
0 0.31875 0.4546875 0.02734375 0.0515625
0 0.50546875 0.79140625 0.0578125 0.0953125
0 0.53203125 0.7125 0.05625 0.07890625
0 0.51796875 0.6453125 0.04375 0.07890625
0 0.56328125 0.66875 0.03828125 0.06796875
0 0.55546875 0.596875 0.040625 0.06640625
0 0.59921875 0.6125 0.0390625 0.059375
0 0.6546875 0.68046875 0.0546875 0.11484375
0 0.50546875 0.55 0.03125 0.0546875
0 0.52890625 0.515625 0.03515625 0.046875
0 0.565625 0.50859375 0.03828125 0.059375
0 0.5390625 0.453125 0.03515625 0.0515625
0 0.49296875 0.48046875 0.0421875 0.0421875
0 0.47578125 0.44609375 0.034375 0.03515625
0 0.49765625 0.42265625 0.02890625 0.0546875
0 0.39375 0.3546875 0.02890625 0.06640625
0 0.60390625 0.9609375 0.0515625 0.078125