0 0.5625 0.75 0.059375 0.11484375
0 0.37109375 0.77265625 0.05078125 0.11484375
0 0.54921875 0.58671875 0.05859375 0.096875
0 0.72578125 0.75390625 0.06328125 0.11328125
0 0.64375 0.45078125 0.0875 0.1625
0 0.5765625 0.3625 0.0765625 0.13671875
0 0.50703125 0.3015625 0.040625 0.0609375
0 0.446875 0.334375 0.04375 0.07109375
0 0.41328125 0.4125 0.0390625 0.06640625
0 0.33515625 0.40078125 0.03671875 0.07109375
0 0.28515625 0.35703125 0.03203125 0.0625
0 0.2890625 0.27890625 0.03125 0.0484375
0 0.38984375 0.29296875 0.04453125 0.059375
0 0.4140625 0.16875 0.040625 0.08359375
0 0.29453125 0.11875 0.0453125 0.07734375
0 0.22109375 0.14375 0.01796875 0.0453125
0 0.2234375 0.0890625 0.01796875 0.0390625
0 0.34921875 0.225 0.0265625 0.04375
0 0.325 0.18515625 0.025 0.0421875
0 0.62109375 0.88046875 0.075 0.12421875
0 0.84296875 0.73359375 0.05390625 0.103125