0 0.703125 0.8140625 0.16953125 0.27734375
0 0.40703125 0.928125 0.0890625 0.13515625
0 0.30625 0.91015625 0.07265625 0.140625
0 0.28515625 0.80390625 0.05859375 0.0921875
0 0.271875 0.73359375 0.05234375 0.10625
0 0.3375 0.7265625 0.07109375 0.11328125
0 0.37109375 0.8140625 0.05234375 0.08671875
0 0.36796875 0.65546875 0.059375 0.1078125
0 0.4265625 0.58515625 0.05390625 0.103125
0 0.29609375 0.6203125 0.040625 0.08671875
0 0.26484375 0.64609375 0.0546875 0.08359375
0 0.6515625 0.5359375 0.05625 0.0625
0 0.60390625 0.53671875 0.0578125 0.06953125
0 0.55390625 0.4890625 0.0375 0.06328125
0 0.4953125 0.496875 0.0875 0.103125
0 0.53515625 0.45 0.04765625 0.0546875
0 0.484375 0.4296875 0.0375 0.0625
0 0.43671875 0.4078125 0.0453125 0.0609375
0 0.39609375 0.42734375 0.06796875 0.09375
0 0.353125 0.38984375 0.0515625 0.08359375
0 0.3109375 0.40234375 0.0546875 0.08359375
0 0.26640625 0.3484375 0.0421875 0.0609375
0 0.2703125 0.46171875 0.03125 0.046875
0 0.26015625 0.440625 0.03515625 0.0390625
0 0.23046875 0.4546875 0.0234375 0.0421875
0 0.21640625 0.41875 0.0265625 0.046875
0 0.23828125 0.41015625 0.0265625 0.05625
0 0.259375 0.39921875 0.03671875 0.02890625
0 0.2265625 0.37890625 0.01796875 0.03359375
0 0.23671875 0.371875 0.021875 0.02890625
0 0.575 0.91796875 0.0796875 0.11796875
0 0.5078125 0.81796875 0.06953125 0.12109375
0 0.5953125 0.81796875 0.065625 0.12734375
0 0.5453125 0.7625 0.0453125 0.0875
0 0.50546875 0.6765625 0.05390625 0.0921875
0 0.6953125 0.65703125 0.11796875 0.11953125
0 0.640625 0.5921875 0.0546875 0.06953125
0 0.51328125 0.5828125 0.10234375 0.140625
0 0.459375 0.3703125 0.03125 0.0375
0 0.4234375 0.36484375 0.02421875 0.0421875
0 0.4296875 0.40859375 0.0390625 0.05
0 0.115625 0.50703125 0.05546875 0.053125
0 0.2796875 0.49921875 0.034375 0.0375
0 0.38515625 0.36015625 0.02421875 0.03203125
0 0.3109375 0.33984375 0.04921875 0.046875
0 0.234375 0.34609375 0.01640625 0.02890625
0 0.79296875 0.7015625 0.06484375 0.109375
0 0.33359375 0.2921875 0.0234375 0.02421875