0 0.13984375 0.2921875 0.071875 0.06640625
0 0.22421875 0.26875 0.0625 0.08046875
0 0.559375 0.73203125 0.0484375 0.1
0 0.6125 0.715625 0.0453125 0.0953125
0 0.6625 0.72109375 0.04609375 0.103125
0 0.70390625 0.72109375 0.040625 0.07890625
0 0.62890625 0.65546875 0.05390625 0.06484375
0 0.54375 0.6421875 0.05234375 0.07578125
0 0.48671875 0.64296875 0.0578125 0.07421875
0 0.5078125 0.72421875 0.06171875 0.07578125
0 0.52578125 0.59296875 0.0375 0.07109375
0 0.571875 0.5890625 0.03828125 0.07265625
0 0.61640625 0.5875 0.03046875 0.07421875
0 0.52421875 0.5390625 0.03671875 0.06328125
0 0.55625 0.5359375 0.03203125 0.059375
0 0.58671875 0.5203125 0.04453125 0.11328125
0 0.625 0.51953125 0.03203125 0.06640625
0 0.58671875 0.45234375 0.03046875 0.046875
0 0.5375 0.46328125 0.034375 0.0546875
0 0.46328125 0.44921875 0.02734375 0.046875
0 0.72890625 0.590625 0.04765625 0.07265625
0 0.75234375 0.5484375 0.05390625 0.06328125
0 0.72265625 0.5125 0.04921875 0.0625
0 0.68984375 0.46640625 0.034375 0.0578125
0 0.625 0.44375 0.034375 0.0453125
0 0.7359375 0.39375 0.0390625 0.0390625
0 0.70390625 0.36640625 0.0390625 0.0453125
0 0.6734375 0.37890625 0.0375 0.0421875
0 0.63671875 0.36953125 0.02421875 0.0421875
0 0.51796875 0.41328125 0.03046875 0.0515625
0 0.50390625 0.46171875 0.03125 0.07109375
0 0.471875 0.52265625 0.03828125 0.08515625