0 0.815625 0.75390625 0.09375 0.1953125
0 0.93984375 0.7546875 0.059375 0.10546875
0 0.9359375 0.96328125 0.05703125 0.0734375
0 0.76875 0.8484375 0.03984375 0.0921875
0 0.5046875 0.71875 0.046875 0.09609375
0 0.5609375 0.728125 0.03515625 0.0734375
0 0.60546875 0.7015625 0.05078125 0.090625
0 0.5890625 0.640625 0.03203125 0.0625
0 0.65859375 0.715625 0.04765625 0.0828125
0 0.70078125 0.70859375 0.04609375 0.0765625
0 0.753125 0.628125 0.0453125 0.065625
0 0.8359375 0.596875 0.04296875 0.06640625
0 0.73984375 0.57734375 0.034375 0.05625
0 0.76953125 0.57265625 0.0359375 0.0578125
0 0.73359375 0.52421875 0.03828125 0.06171875
0 0.7078125 0.48359375 0.0390625 0.0453125
0 0.49296875 0.653125 0.0390625 0.07734375
0 0.54765625 0.646875 0.0421875 0.08203125
0 0.53046875 0.59296875 0.0375 0.06171875
0 0.57265625 0.5859375 0.03984375 0.0703125
0 0.63125 0.65234375 0.0390625 0.07265625
0 0.61171875 0.58515625 0.0359375 0.07265625
0 0.65703125 0.60859375 0.03984375 0.06640625
0 0.6375 0.5578125 0.0421875 0.06953125
0 0.6203125 0.51875 0.0296875 0.05078125
0 0.65 0.4921875 0.0359375 0.0515625
0 0.68515625 0.4453125 0.0328125 0.04453125
0 0.6640625 0.41953125 0.03203125 0.040625
0 0.5234375 0.540625 0.03125 0.05234375
0 0.55625 0.53359375 0.03203125 0.06015625
0 0.58515625 0.5125 0.04609375 0.1015625
0 0.59296875 0.453125 0.02890625 0.0375
0 0.53671875 0.4625 0.0328125 0.05078125
0 0.515625 0.49921875 0.03203125 0.04765625
0 0.5 0.446875 0.02734375 0.0453125
0 0.471875 0.4765625 0.02734375 0.0515625
0 0.44765625 0.4328125 0.025 0.046875
0 0.47578125 0.5203125 0.02890625 0.05546875
0 0.12421875 0.85859375 0.0671875 0.07890625
0 0.12265625 0.79921875 0.0734375 0.0734375
0 0.73671875 0.39609375 0.02734375 0.0359375
0 0.3359375 0.2265625 0.0328125 0.03125
0 0.253125 0.2546875 0.04921875 0.03203125
0 0.51640625 0.4078125 0.02421875 0.034375
0 0.578125 0.42421875 0.02734375 0.0375
0 0.571875 0.39765625 0.0265625 0.03515625
0 0.640625 0.378125 0.02890625 0.04375
0 0.6578125 0.36640625 0.02421875 0.04375
0 0.540625 0.403125 0.0265625 0.0421875