0 0.3453125 0.753125 0.07109375 0.14453125
0 0.48359375 0.92734375 0.0875 0.1453125
0 0.51953125 0.82265625 0.0828125 0.13125
0 0.41171875 0.9453125 0.07734375 0.10859375
0 0.571875 0.90546875 0.1125 0.13984375
0 0.35703125 0.625 0.05546875 0.08828125
0 0.29921875 0.6234375 0.05234375 0.071875
0 0.41640625 0.634375 0.07265625 0.09609375
0 0.46796875 0.621875 0.07890625 0.103125
0 0.6640625 0.9265625 0.12421875 0.146875
0 0.71328125 0.8171875 0.20390625 0.30703125
0 0.4609375 0.7015625 0.06328125 0.11640625
0 0.50703125 0.6765625 0.0765625 0.1078125
0 0.59140625 0.8046875 0.07890625 0.11171875
0 0.296875 0.8515625 0.07734375 0.14453125
0 0.28046875 0.7578125 0.05546875 0.10703125
0 0.65546875 0.58046875 0.0625 0.07421875
0 0.70859375 0.56640625 0.07421875 0.09296875
0 0.575 0.50625 0.05390625 0.0828125
0 0.60546875 0.49609375 0.07265625 0.059375
0 0.47890625 0.4890625 0.11171875 0.1296875
0 0.42109375 0.4390625 0.06171875 0.11796875
0 0.37890625 0.409375 0.0546875 0.1109375
0 0.3453125 0.38515625 0.06015625 0.10390625
0 0.23984375 0.465625 0.02890625 0.065625
0 0.29140625 0.42421875 0.03359375 0.05625
0 0.25 0.49609375 0.03203125 0.046875
1 0.24140625 0.6703125 0.0328125 0.06953125