0 0.3765625 0.65703125 0.165625 0.28671875
0 0.0609375 0.8578125 0.11953125 0.190625
0 0.6734375 0.4453125 0.0375 0.0578125
0 0.6734375 0.39296875 0.03515625 0.0625
0 0.690625 0.3484375 0.0203125 0.03359375
0 0.471875 0.47421875 0.0421875 0.0578125
0 0.50390625 0.42578125 0.040625 0.0484375
0 0.4671875 0.415625 0.03125 0.053125
0 0.53515625 0.39453125 0.03828125 0.0375
0 0.52109375 0.36171875 0.02890625 0.04375
0 0.54609375 0.33984375 0.02421875 0.053125
0 0.5796875 0.3015625 0.03828125 0.06640625