0 0.81328125 0.69140625 0.06953125 0.09296875
0 0.61875 0.8875 0.0625 0.1171875
0 0.5609375 0.746875 0.05703125 0.10859375
0 0.4859375 0.553125 0.0484375 0.08125
0 0.296875 0.58359375 0.03828125 0.08515625
0 0.34765625 0.59296875 0.04375 0.0734375
0 0.4046875 0.31875 0.03203125 0.0484375
0 0.309375 0.4421875 0.03671875 0.06640625
0 0.26796875 0.4125 0.02890625 0.05703125
0 0.33359375 0.3984375 0.034375 0.06015625
0 0.51171875 0.3046875 0.0265625 0.040625
0 0.41484375 0.16875 0.0453125 0.0765625
0 0.57734375 0.37109375 0.078125 0.134375
0 0.6359375 0.44453125 0.09140625 0.15234375
0 0.29453125 0.2234375 0.0296875 0.04375
0 0.36640625 0.1703125 0.02578125 0.034375
0 0.54609375 0.49453125 0.04609375 0.0609375
0 0.31015625 0.1546875 0.02578125 0.03828125
0 0.25390625 0.16796875 0.021875 0.03203125
1 0.2125 0.16875 0.0125 0.0421875