1 0.2828125 0.47890625 0.01953125 0.053125
1 0.2625 0.41484375 0.015625 0.05078125
0 0.184375 0.41796875 0.021875 0.0453125
0 0.21015625 0.50703125 0.028125 0.06015625
0 0.27421875 0.70390625 0.04140625 0.0953125
0 0.22890625 0.72109375 0.05078125 0.0921875
0 0.25390625 0.640625 0.0390625 0.0765625
0 0.22265625 0.546875 0.02734375 0.0578125
0 0.4171875 0.75078125 0.06796875 0.22265625
0 0.65546875 0.60859375 0.07421875 0.17734375
0 0.4640625 0.51875 0.04140625 0.0578125
0 0.41328125 0.49921875 0.04140625 0.065625
0 0.4859375 0.509375 0.0328125 0.0625
0 0.51171875 0.49921875 0.0390625 0.06640625
0 0.5640625 0.49140625 0.040625 0.059375
0 0.5359375 0.49453125 0.03671875 0.059375
0 0.83203125 0.72890625 0.07734375 0.08359375
0 0.8140625 0.36484375 0.02265625 0.046875
0 0.11953125 0.86015625 0.05703125 0.1390625