0 0.3453125 0.575 0.05 0.09921875
0 0.45234375 0.4765625 0.0515625 0.07421875
0 0.5515625 0.44609375 0.04765625 0.07578125
0 0.4296875 0.3578125 0.0546875 0.075
0 0.32265625 0.3578125 0.046875 0.0796875
0 0.3265625 0.45234375 0.05390625 0.06953125
0 0.56484375 0.74921875 0.07265625 0.10546875
0 0.65546875 0.709375 0.0875 0.125
0 0.61875 0.8875 0.08359375 0.1296875
0 0.5125 0.29765625 0.0359375 0.05390625
0 0.64140625 0.44921875 0.10546875 0.15390625
0 0.58125 0.37109375 0.09609375 0.1375
0 0.4171875 0.1671875 0.05 0.0859375
0 0.37890625 0.2328125 0.03984375 0.059375
0 0.340625 0.20625 0.02890625 0.046875
0 0.31328125 0.1609375 0.02265625 0.0359375
0 0.24921875 0.1578125 0.02578125 0.0390625
0 0.41953125 0.64921875 0.04765625 0.09921875
0 0.21015625 0.11953125 0.03203125 0.05234375
0 0.2203125 0.06171875 0.015625 0.03203125
0 0.27890625 0.06796875 0.028125 0.06640625
0 0.3265625 0.13046875 0.03671875 0.075
0 0.25546875 0.05859375 0.015625 0.03671875
0 0.196875 0.05625 0.01875 0.03359375
0 0.23984375 0.0421875 0.0203125 0.0390625
0 0.2046875 0.03125 0.0171875 0.0296875