0 0.16875 0.89609375 0.075 0.11640625
0 0.30390625 0.884375 0.08515625 0.11640625
0 0.25625 0.775 0.09609375 0.1109375
0 0.33515625 0.75703125 0.05859375 0.07734375
0 0.32109375 0.703125 0.059375 0.0875
0 0.40546875 0.7578125 0.065625 0.1125
0 0.44375 0.66015625 0.0421875 0.08359375
0 0.38359375 0.665625 0.06796875 0.12265625
0 0.35703125 0.65234375 0.0453125 0.06484375
0 0.34140625 0.5625 0.0609375 0.08671875
0 0.39609375 0.55390625 0.03671875 0.0625
0 0.45390625 0.4875 0.05625 0.06328125
0 0.5125 0.5625 0.0375 0.07265625
0 0.50078125 0.5109375 0.03671875 0.06640625
0 0.4296875 0.5640625 0.0375 0.07734375
0 0.47578125 0.45390625 0.0421875 0.05
0 0.51796875 0.48359375 0.02734375 0.0546875
0 0.509375 0.4125 0.04453125 0.046875
0 0.51484375 0.4421875 0.03671875 0.0546875
0 0.53828125 0.4515625 0.03203125 0.0484375
0 0.56328125 0.44609375 0.0484375 0.06796875
0 0.56015625 0.3578125 0.03359375 0.0390625
0 0.6140625 0.3703125 0.028125 0.0375
0 0.59609375 0.40859375 0.025 0.05625
0 0.63984375 0.30703125 0.02734375 0.03203125