0 0.74296875 0.6703125 0.0375 0.08828125
0 0.68125 0.8875 0.096875 0.22265625
0 0.66640625 0.590625 0.06484375 0.16171875
0 0.46328125 0.5203125 0.03828125 0.053125
0 0.4875 0.51328125 0.03203125 0.053125
0 0.51328125 0.50546875 0.0390625 0.065625
0 0.534375 0.496875 0.03828125 0.053125
0 0.5625 0.48828125 0.0421875 0.05546875
0 0.41328125 0.49921875 0.0453125 0.0625
0 0.11640625 0.86015625 0.059375 0.13203125
0 0.109375 0.76484375 0.04765625 0.1203125
0 0.23046875 0.72265625 0.04609375 0.09296875
0 0.27265625 0.70703125 0.04921875 0.08515625
0 0.253125 0.64296875 0.0390625 0.078125
0 0.22421875 0.5484375 0.03203125 0.05078125
0 0.2109375 0.50859375 0.03203125 0.0453125
1 0.33046875 0.55625 0.02265625 0.0703125
1 0.4125 0.740625 0.02578125 0.09140625
0 0.81484375 0.3671875 0.0234375 0.040625