0 0.1890625 0.96640625 0.05078125 0.06640625
0 0.29765625 0.878125 0.0484375 0.078125
0 0.50625 0.7859375 0.03359375 0.08203125
0 0.54609375 0.921875 0.0390625 0.1140625
0 0.61484375 0.7640625 0.028125 0.06171875
0 0.56640625 0.7046875 0.02421875 0.07265625
0 0.5203125 0.67421875 0.028125 0.05078125
0 0.36875 0.68828125 0.03359375 0.06640625
0 0.3234375 0.71796875 0.028125 0.06171875
0 0.2765625 0.71171875 0.03671875 0.07265625
0 0.215625 0.721875 0.06171875 0.08984375
0 0.378125 0.56640625 0.0234375 0.05
0 0.29609375 0.55 0.021875 0.05859375
0 0.31953125 0.4875 0.021875 0.0359375
0 0.3625 0.45546875 0.01875 0.03828125
0 0.51171875 0.57421875 0.02421875 0.053125
0 0.54453125 0.559375 0.021875 0.04765625
0 0.6 0.6453125 0.02578125 0.071875
0 0.590625 0.5921875 0.02109375 0.03515625
0 0.57421875 0.54765625 0.025 0.04921875
0 0.66328125 0.54296875 0.05078125 0.0421875
0 0.55859375 0.49921875 0.0234375 0.03515625
0 0.52578125 0.48203125 0.01796875 0.03359375
0 0.4984375 0.50234375 0.02265625 0.04140625
0 0.484375 0.4546875 0.0203125 0.03359375
0 0.509375 0.4484375 0.01796875 0.028125
0 0.3359375 0.43359375 0.0203125 0.028125
1 0.321875 0.5890625 0.01328125 0.0421875