0 0.52109375 0.6046875 0.11328125 0.2828125
0 0.7109375 0.43046875 0.07421875 0.06953125
0 0.41796875 0.325 0.04453125 0.0796875
0 0.4359375 0.3546875 0.05390625 0.08671875
0 0.45703125 0.44765625 0.07734375 0.15078125
0 0.45234375 0.63046875 0.04921875 0.11875
0 0.4328125 0.55234375 0.040625 0.1015625
0 0.41796875 0.48984375 0.04453125 0.078125
0 0.4046875 0.44140625 0.0359375 0.059375
0 0.39140625 0.4203125 0.02578125 0.07265625
0 0.3890625 0.3734375 0.0203125 0.0390625
0 0.37578125 0.3203125 0.03125 0.04375
0 0.325 0.33125 0.028125 0.05390625
0 0.3265625 0.365625 0.02734375 0.05625
0 0.32578125 0.40078125 0.03125 0.059375
0 0.33125 0.45078125 0.03359375 0.06640625
0 0.328125 0.5078125 0.03125 0.0796875
0 0.33359375 0.56484375 0.0421875 0.08671875
0 0.3375 0.6640625 0.0546875 0.11875
0 0.2796875 0.70078125 0.04921875 0.13203125
0 0.2 0.6875 0.06015625 0.14609375
0 0.2 0.5546875 0.071875 0.22578125
0 0.278125 0.61953125 0.04140625 0.103125
0 0.28203125 0.56171875 0.03984375 0.096875
0 0.28046875 0.4921875 0.03359375 0.07421875
0 0.28828125 0.46171875 0.02890625 0.059375
0 0.2859375 0.409375 0.03671875 0.06484375
0 0.2921875 0.37578125 0.028125 0.05625
0 0.2953125 0.33046875 0.021875 0.04921875
0 0.2078125 0.41328125 0.03125 0.06953125
0 0.2515625 0.44765625 0.03359375 0.07265625
1 0.3640625 0.7828125 0.05703125 0.14765625
1 0.46875 0.69765625 0.03359375 0.096875