0 0.62109375 0.7203125 0.146875 0.23515625
0 0.32421875 0.934375 0.075 0.13125
0 0.48359375 0.93125 0.0796875 0.12578125
0 0.6609375 0.92890625 0.09296875 0.1359375
0 0.56484375 0.9140625 0.0765625 0.1296875
0 0.5921875 0.81796875 0.0890625 0.1390625
0 0.51875 0.828125 0.0765625 0.11484375
0 0.54296875 0.7625 0.06640625 0.10078125
0 0.42890625 0.79765625 0.0625 0.1015625
0 0.375 0.8625 0.0625 0.10703125
0 0.28125 0.79453125 0.0609375 0.14921875
0 0.2640625 0.68671875 0.04609375 0.0875
0 0.31953125 0.67734375 0.0453125 0.10390625
0 0.36171875 0.64453125 0.05 0.09140625
0 0.43828125 0.6734375 0.05625 0.1015625
0 0.5046875 0.68984375 0.05390625 0.08984375
0 0.4640625 0.62421875 0.05234375 0.08515625
0 0.39140625 0.5921875 0.0421875 0.07265625
0 0.62734375 0.55078125 0.0578125 0.06953125
0 0.6984375 0.56796875 0.05 0.0609375
0 0.75234375 0.65625 0.07265625 0.08203125
0 0.84140625 0.66328125 0.06640625 0.08515625
0 0.55625 0.496875 0.04296875 0.0546875
0 0.48984375 0.49765625 0.0828125 0.12265625
0 0.425 0.44296875 0.06015625 0.09296875
0 0.3796875 0.4140625 0.05 0.0875
0 0.3390625 0.371875 0.05390625 0.08828125
0 0.26796875 0.3984375 0.0234375 0.03828125
0 0.12578125 0.47734375 0.03515625 0.0484375
0 0.221875 0.4984375 0.025 0.046875
0 0.24140625 0.4765625 0.02421875 0.040625
0 0.28359375 0.48515625 0.02421875 0.03359375
0 0.26953125 0.46015625 0.02265625 0.03125
0 0.2328125 0.43828125 0.0234375 0.03359375
0 0.303125 0.3421875 0.0390625 0.0734375
0 0.44296875 0.40546875 0.0265625 0.0453125
0 0.49453125 0.41796875 0.03203125 0.04453125
0 0.27109375 0.30859375 0.03203125 0.059375