0 0.2984375 0.4609375 0.0453125 0.0921875
0 0.315625 0.5765625 0.03671875 0.05859375
0 0.41328125 0.49921875 0.040625 0.05859375
0 0.4640625 0.51953125 0.03828125 0.04921875
0 0.5125 0.50546875 0.04140625 0.05234375
0 0.27421875 0.7125 0.04140625 0.0734375
0 0.228125 0.721875 0.0375 0.078125
0 0.11953125 0.8640625 0.05234375 0.1234375
0 0.109375 0.7609375 0.046875 0.1078125
0 0.2515625 0.646875 0.03515625 0.0546875
0 0.225 0.54765625 0.0296875 0.03515625
0 0.21328125 0.509375 0.0234375 0.0359375
0 0.85078125 0.546875 0.028125 0.06171875
0 0.8515625 0.71953125 0.0359375 0.05859375
1 0.228125 0.35625 0.0140625 0.03046875
0 0.18984375 0.31015625 0.01328125 0.02265625
0 0.8125 0.36796875 0.0203125 0.04921875