0 0.20625 0.84375 0.05859375 0.0953125
0 0.24453125 0.90234375 0.0640625 0.1
0 0.2234375 0.71484375 0.0890625 0.0984375
0 0.32890625 0.825 0.0546875 0.09453125
0 0.3703125 0.65859375 0.03828125 0.0796875
0 0.29609375 0.61171875 0.03359375 0.0953125
0 0.3234375 0.53671875 0.025 0.05625
0 0.37265625 0.50546875 0.02890625 0.0609375
0 0.34296875 0.4671875 0.02734375 0.0390625
0 0.3359375 0.434375 0.02109375 0.0359375
0 0.35 0.3921875 0.0203125 0.0390625
0 0.5515625 0.93671875 0.0578125 0.1234375
0 0.5625 0.775 0.05 0.1046875
0 0.51796875 0.68359375 0.03671875 0.08828125
0 0.515625 0.60390625 0.0328125 0.0625
0 0.56171875 0.62421875 0.0328125 0.07109375
0 0.60625 0.66484375 0.0375 0.0609375
0 0.590625 0.5828125 0.0359375 0.0546875
0 0.5015625 0.521875 0.02578125 0.0546875
0 0.5328125 0.51484375 0.02421875 0.05078125
0 0.56171875 0.50859375 0.0296875 0.04609375
0 0.48671875 0.46640625 0.02109375 0.04375
0 0.515625 0.46015625 0.01953125 0.0359375
0 0.403125 0.33984375 0.02734375 0.05390625
0 0.3078125 0.3671875 0.02421875 0.02734375
0 0.34296875 0.35546875 0.01953125 0.02734375
0 0.315625 0.40703125 0.021875 0.03515625
0 0.47734375 0.425 0.02109375 0.0375
0 0.49921875 0.425 0.02109375 0.0375
0 0.65859375 0.546875 0.06171875 0.05390625
1 0.29609375 0.684375 0.0296875 0.0609375