0 0.28046875 0.76796875 0.03828125 0.103125
0 0.32109375 0.80078125 0.06875 0.12265625
0 0.28359375 0.9359375 0.0953125 0.128125
0 0.33359375 0.659375 0.0484375 0.06953125
0 0.38671875 0.58046875 0.03671875 0.07890625
0 0.3640625 0.55859375 0.02109375 0.0890625
0 0.40546875 0.53984375 0.02734375 0.046875
0 0.41796875 0.49453125 0.021875 0.05
0 0.39453125 0.47578125 0.02890625 0.0515625
0 0.43046875 0.4578125 0.02734375 0.0453125
0 0.4125 0.4375 0.02421875 0.0421875
0 0.44296875 0.42109375 0.01953125 0.03359375
0 0.43671875 0.37734375 0.021875 0.0515625
1 0.3453125 0.6078125 0.02734375 0.0578125