0 0.79921875 0.71796875 0.08828125 0.18359375
0 0.878125 0.78046875 0.05390625 0.09453125
0 0.7625 0.7984375 0.0453125 0.0859375
0 0.8328125 0.87265625 0.04765625 0.08515625
0 0.50546875 0.71796875 0.04609375 0.0921875
0 0.55859375 0.72890625 0.04140625 0.07421875
0 0.6578125 0.71875 0.04921875 0.0796875
0 0.6078125 0.703125 0.046875 0.08125
0 0.58984375 0.6484375 0.0421875 0.0765625
0 0.54765625 0.6484375 0.0421875 0.07734375
0 0.49453125 0.65234375 0.03984375 0.07265625
0 0.52734375 0.59140625 0.034375 0.059375
0 0.571875 0.58515625 0.0359375 0.06796875
0 0.61640625 0.58984375 0.0359375 0.06171875
0 0.63125 0.6453125 0.04140625 0.0828125
0 0.69921875 0.71171875 0.04296875 0.08203125
0 0.740625 0.696875 0.040625 0.07265625
0 0.74921875 0.61484375 0.04609375 0.06953125
0 0.83046875 0.58359375 0.04609375 0.06171875
0 0.721875 0.5109375 0.03125 0.05234375
0 0.7 0.46953125 0.03125 0.0453125
0 0.66171875 0.41640625 0.02890625 0.0375
0 0.6203125 0.51796875 0.03125 0.04921875
0 0.5578125 0.53984375 0.03359375 0.059375
0 0.52109375 0.53671875 0.0359375 0.0578125
0 0.47109375 0.47890625 0.025 0.05234375
0 0.503125 0.4609375 0.02578125 0.0625
0 0.534375 0.46015625 0.0234375 0.046875
0 0.58359375 0.5125 0.04921875 0.11171875
0 0.590625 0.45234375 0.0265625 0.03984375
0 0.578125 0.4203125 0.02421875 0.0390625
0 0.60390625 0.3921875 0.0234375 0.02890625
0 0.68125 0.43984375 0.03203125 0.0390625
0 0.73046875 0.390625 0.0328125 0.0390625
0 0.7015625 0.36796875 0.0296875 0.0375
0 0.51796875 0.409375 0.021875 0.03203125
0 0.5703125 0.39453125 0.025 0.0375
0 0.65625 0.36171875 0.021875 0.034375
0 0.6359375 0.3625 0.021875 0.03046875
0 0.5546875 0.4328125 0.02890625 0.04453125
0 0.54375 0.409375 0.03203125 0.04296875