0 0.48046875 0.85390625 0.06640625 0.15859375
0 0.56171875 0.74765625 0.06953125 0.1265625
0 0.38828125 0.75390625 0.06796875 0.1265625
0 0.61640625 0.88671875 0.0796875 0.12421875
0 0.5875 0.565625 0.075 0.11640625
0 0.4640625 0.50703125 0.06015625 0.1046875
0 0.3515625 0.57421875 0.0515625 0.090625
0 0.3546875 0.465625 0.05078125 0.0953125
0 0.4921875 0.35234375 0.04921875 0.07578125
0 0.6390625 0.44453125 0.08984375 0.17578125
0 0.58359375 0.36875 0.09453125 0.14921875
0 0.51328125 0.2984375 0.0421875 0.06796875
0 0.38984375 0.28671875 0.040625 0.06015625
0 0.27578125 0.3265625 0.03828125 0.06484375
0 0.41171875 0.17109375 0.04609375 0.10625
0 0.35546875 0.18828125 0.0296875 0.05390625
0 0.32265625 0.17734375 0.03203125 0.05234375
0 0.22109375 0.14921875 0.040625 0.06953125
0 0.29453125 0.12734375 0.0296875 0.04765625
0 0.61796875 0.71484375 0.0703125 0.12109375
0 0.2390625 0.30546875 0.0296875 0.05078125
0 0.23828125 0.0859375 0.03046875 0.034375
0 0.203125 0.07578125 0.0234375 0.05078125
0 0.26875 0.0453125 0.03984375 0.06328125
0 0.278125 0.10234375 0.0203125 0.028125