0 0.4890625 0.5078125 0.1484375 0.28203125
0 0.20078125 0.565625 0.12890625 0.15
0 0.2265625 0.45390625 0.08671875 0.12890625
0 0.459375 0.3125 0.05859375 0.07109375
0 0.56640625 0.24765625 0.04375 0.05
0 0.571875 0.1875 0.02734375 0.0515625
0 0.60625 0.15703125 0.03671875 0.053125
0 0.68359375 0.16171875 0.04921875 0.08671875
0 0.6453125 0.14765625 0.0203125 0.03515625
0 0.6390625 0.11953125 0.0265625 0.0453125
0 0.66484375 0.08125 0.01796875 0.02890625
0 0.734375 0.05859375 0.0265625 0.046875
0 0.43046875 0.4078125 0.0625 0.08515625