0 0.35859375 0.63203125 0.26640625 0.2140625
0 0.70703125 0.365625 0.10234375 0.21796875
0 0.934375 0.78125 0.13046875 0.19375
0 0.46796875 0.4125 0.06328125 0.09140625
0 0.36484375 0.4203125 0.0671875 0.1109375
0 0.86640625 0.19921875 0.03046875 0.046875
0 0.96015625 0.2359375 0.04140625 0.05859375
0 0.90859375 0.17578125 0.02578125 0.0390625
1 0.3 0.45859375 0.0359375 0.11484375
1 0.4234375 0.45625 0.0328125 0.1234375
0 0.16640625 0.44296875 0.09296875 0.11015625
0 0.50625 0.33125 0.05625 0.0703125
0 0.4296875 0.33671875 0.0484375 0.05