0 0.46796875 0.64375 0.06953125 0.16953125
0 0.3734375 0.6890625 0.04765625 0.103125
0 0.49609375 0.85546875 0.04609375 0.07734375
0 0.46953125 0.96640625 0.06484375 0.06640625
0 0.1875 0.86015625 0.08359375 0.140625
0 0.2078125 0.71015625 0.0796875 0.11640625
0 0.28046875 0.696875 0.04375 0.1
0 0.35390625 0.56875 0.03515625 0.059375
0 0.34921875 0.51171875 0.03671875 0.059375
0 0.32109375 0.49296875 0.034375 0.06796875
0 0.36796875 0.4625 0.025 0.0453125
0 0.35390625 0.4109375 0.02734375 0.0578125
0 0.56796875 0.69140625 0.04140625 0.1046875
0 0.55390625 0.6046875 0.03359375 0.07578125
0 0.5765625 0.55 0.02890625 0.0546875
0 0.50703125 0.5484375 0.03046875 0.0578125
0 0.5375 0.5203125 0.0265625 0.059375
0 0.49921875 0.49765625 0.02734375 0.046875
0 0.559375 0.5015625 0.028125 0.0546875
0 0.53359375 0.45390625 0.0234375 0.03203125
0 0.51171875 0.4578125 0.01953125 0.0390625
0 0.525 0.434375 0.021875 0.03203125
0 0.49375 0.4125 0.0265625 0.03515625
0 0.46796875 0.40625 0.02109375 0.03359375
0 0.4796875 0.44609375 0.0265625 0.040625
0 0.478125 0.38203125 0.02109375 0.0421875
0 0.45390625 0.37734375 0.021875 0.0390625
0 0.6453125 0.54296875 0.0578125 0.07421875
0 0.31328125 0.4171875 0.03125 0.04375
0 0.31171875 0.37890625 0.0171875 0.03671875
0 0.33046875 0.36953125 0.02109375 0.0453125
0 0.3109375 0.3234375 0.02109375 0.040625
0 0.39921875 0.33984375 0.034375 0.07109375
0 0.46640625 0.33515625 0.03359375 0.0421875
0 0.36484375 0.30546875 0.02734375 0.0625
0 0.3390625 0.3125 0.0265625 0.05625
0 0.38046875 0.26484375 0.0203125 0.0421875