0 0.1625 0.90546875 0.0625 0.12734375
0 0.34375 0.81796875 0.0734375 0.140625
0 0.2546875 0.78046875 0.08828125 0.11171875
0 0.32265625 0.71328125 0.05390625 0.08984375
0 0.3765625 0.66796875 0.0609375 0.115625
0 0.43203125 0.68125 0.0375 0.0984375
0 0.34375 0.58125 0.0484375 0.08984375
0 0.471875 0.60859375 0.04453125 0.078125
0 0.4234375 0.5609375 0.04375 0.0640625
0 0.528125 0.515625 0.03203125 0.0578125
0 0.525 0.475 0.03359375 0.04609375
0 0.48359375 0.4453125 0.04375 0.0609375
0 0.45390625 0.49375 0.0453125 0.0453125
0 0.496875 0.51484375 0.0359375 0.06796875
0 0.52109375 0.396875 0.0296875 0.04609375
0 0.5875 0.42421875 0.05 0.05390625
0 0.5328125 0.41796875 0.0296875 0.0390625
0 0.62578125 0.3625 0.028125 0.04375
0 0.5828125 0.38203125 0.01640625 0.02734375