0 0.28046875 0.4171875 0.10234375 0.11328125
0 0.39765625 0.42890625 0.07421875 0.09296875
0 0.49609375 0.3 0.04375 0.0640625
0 0.51015625 0.24921875 0.0421875 0.0609375
0 0.5765625 0.22265625 0.028125 0.04765625
0 0.575 0.1859375 0.03515625 0.0359375
0 0.61328125 0.153125 0.028125 0.04765625
0 0.73359375 0.20390625 0.03359375 0.06796875
0 0.64140625 0.10625 0.02109375 0.0359375
0 0.66015625 0.12109375 0.021875 0.03359375
0 0.6640625 0.09140625 0.03203125 0.03203125
0 0.22109375 0.81953125 0.2921875 0.3609375
0 0.5828125 0.31953125 0.09921875 0.16953125