0 0.3203125 0.5 0.05859375 0.11640625
0 0.109375 0.7625 0.04609375 0.1234375
0 0.2296875 0.71796875 0.04921875 0.09609375
0 0.11953125 0.8625 0.0546875 0.13984375
0 0.3578125 0.6640625 0.04921875 0.07421875
0 0.27109375 0.703125 0.04609375 0.0921875
0 0.24921875 0.63515625 0.04453125 0.08828125
0 0.22421875 0.5484375 0.03046875 0.0546875
0 0.209375 0.50546875 0.03046875 0.053125
0 0.65703125 0.61171875 0.06640625 0.15625
0 0.5609375 0.4875 0.0390625 0.05625
0 0.5359375 0.49296875 0.03515625 0.0546875
0 0.51484375 0.5046875 0.0453125 0.05625
0 0.48671875 0.5078125 0.03046875 0.0546875
0 0.46484375 0.51796875 0.040625 0.05703125
0 0.4109375 0.496875 0.0421875 0.06484375
0 0.18515625 0.41796875 0.01640625 0.03828125
0 0.83828125 0.72578125 0.0765625 0.0953125
0 0.85625 0.5890625 0.03359375 0.06796875
0 0.81015625 0.36953125 0.025 0.04375
1 0.2375 0.3828125 0.0203125 0.0359375