0 0.21796875 0.72421875 0.084375 0.11484375
0 0.28203125 0.70234375 0.03984375 0.0828125
0 0.33203125 0.68125 0.0328125 0.075
0 0.36484375 0.7046875 0.040625 0.0796875
0 0.20078125 0.6046875 0.06171875 0.0546875
0 0.321875 0.58125 0.03671875 0.04921875
0 0.38359375 0.5578125 0.03125 0.06640625
0 0.48125 0.934375 0.05 0.1
0 0.515625 0.74140625 0.03984375 0.10546875
0 0.54375 0.8125 0.03515625 0.09453125
0 0.56640625 0.746875 0.040625 0.07421875
0 0.609375 0.703125 0.0328125 0.078125
0 0.67265625 0.74921875 0.0484375 0.11328125
0 0.5609375 0.6609375 0.0296875 0.07265625
0 0.51328125 0.6046875 0.03515625 0.05625
0 0.5421875 0.565625 0.028125 0.05625
0 0.58359375 0.55546875 0.0328125 0.05078125
0 0.50390625 0.5265625 0.03203125 0.059375
0 0.5484375 0.46875 0.0328125 0.0390625
0 0.48671875 0.48203125 0.02734375 0.0453125
0 0.31875 0.46796875 0.02734375 0.04375
0 0.36484375 0.44765625 0.021875 0.0578125
0 0.33984375 0.43125 0.02109375 0.0453125
0 0.40078125 0.375 0.03125 0.078125
0 0.45859375 0.3921875 0.0296875 0.0453125
0 0.5078125 0.44609375 0.02578125 0.0546875
0 0.49453125 0.41875 0.02421875 0.040625