0 0.26953125 0.40234375 0.03515625 0.0625
0 0.26015625 0.4609375 0.021875 0.03984375
0 0.11953125 0.86171875 0.05546875 0.1234375
0 0.1109375 0.7578125 0.04375 0.11953125
0 0.22890625 0.71796875 0.0375 0.08046875
0 0.2734375 0.71015625 0.03828125 0.07421875
0 0.2546875 0.65 0.03515625 0.0546875
0 0.6625 0.6078125 0.075 0.14296875
0 0.22421875 0.546875 0.02578125 0.0421875
0 0.2109375 0.50703125 0.02578125 0.0390625
0 0.81328125 0.36796875 0.0171875 0.0375
0 0.415625 0.50078125 0.03359375 0.0546875
0 0.4640625 0.51484375 0.03359375 0.06015625
0 0.51328125 0.50234375 0.03828125 0.0578125