0 0.50546875 0.7203125 0.0484375 0.08671875
0 0.49296875 0.65234375 0.03984375 0.078125
0 0.559375 0.725 0.03828125 0.0796875
0 0.546875 0.640625 0.03828125 0.078125
0 0.52109375 0.53671875 0.02421875 0.059375
0 0.46953125 0.440625 0.025 0.04375
0 0.66015625 0.71953125 0.0453125 0.0796875
0 0.6984375 0.70859375 0.0515625 0.08125
0 0.8171875 0.6375 0.053125 0.06640625
0 0.703125 0.58515625 0.04765625 0.0625
0 0.7609375 0.56015625 0.04765625 0.05390625
0 0.67421875 0.48671875 0.028125 0.04921875
0 0.696875 0.4671875 0.0375 0.05078125
0 0.7265625 0.51953125 0.03828125 0.03359375
0 0.65625 0.4125 0.02890625 0.05078125
0 0.5828125 0.509375 0.053125 0.103125
0 0.61171875 0.59375 0.03515625 0.04765625
0 0.6015625 0.69609375 0.05234375 0.08828125
0 0.4765625 0.52265625 0.03515625 0.0765625
0 0.5703125 0.58515625 0.03828125 0.05390625