0 0.53125 0.40859375 0.11171875 0.2375
0 0.29921875 0.45546875 0.06953125 0.10859375
0 0.3015625 0.40078125 0.08671875 0.103125
0 0.4671875 0.3359375 0.05859375 0.08671875
0 0.48515625 0.27421875 0.0484375 0.06953125
0 0.59140625 0.25703125 0.0375 0.07421875
0 0.5609375 0.2046875 0.0359375 0.0609375
0 0.62734375 0.1609375 0.02734375 0.040625
0 0.69609375 0.12890625 0.04765625 0.084375
0 0.61484375 0.1421875 0.0234375 0.040625
0 0.634375 0.1125 0.02578125 0.0453125
0 0.2234375 0.8328125 0.2875 0.334375