0 0.2234375 0.72734375 0.0828125 0.1484375
0 0.3171875 0.73515625 0.0546875 0.09375
0 0.30703125 0.625 0.04453125 0.08359375
0 0.3453125 0.64453125 0.0421875 0.07734375
0 0.38515625 0.5765625 0.0484375 0.08671875
0 0.3234375 0.4875 0.0375 0.0578125
0 0.37421875 0.48515625 0.03359375 0.0546875
0 0.3390625 0.4375 0.02734375 0.0453125
0 0.35546875 0.40859375 0.03671875 0.046875
0 0.44609375 0.4875 0.059375 0.10625
0 0.48359375 0.9109375 0.0546875 0.096875
0 0.62109375 0.85625 0.0578125 0.09375
0 0.56484375 0.778125 0.04609375 0.0921875
0 0.51484375 0.7125 0.0453125 0.07890625
0 0.5125 0.6375 0.0390625 0.07109375
0 0.54765625 0.55625 0.03828125 0.06953125
0 0.59375 0.52734375 0.04921875 0.06328125
0 0.53046875 0.496875 0.03203125 0.06328125
0 0.55390625 0.4875 0.03125 0.0453125
0 0.5375 0.44765625 0.0265625 0.05
0 0.5125 0.45234375 0.0203125 0.059375
0 0.490625 0.4640625 0.02734375 0.05
0 0.47578125 0.42578125 0.028125 0.03671875
0 0.51484375 0.4125 0.03046875 0.0375
0 0.47109375 0.37578125 0.02421875 0.03359375
0 0.3078125 0.3828125 0.0171875 0.03203125