0 0.48203125 0.8609375 0.0640625 0.13203125
0 0.56171875 0.746875 0.0671875 0.1125
0 0.61953125 0.88203125 0.06875 0.12578125
0 0.334375 0.56015625 0.05390625 0.09296875
0 0.55078125 0.5 0.05234375 0.08046875
0 0.47421875 0.45 0.04453125 0.0609375
0 0.3015625 0.41875 0.03984375 0.065625
0 0.25390625 0.37265625 0.03515625 0.06484375
0 0.37578125 0.34296875 0.0359375 0.04921875
0 0.64296875 0.44921875 0.0828125 0.15078125
0 0.57734375 0.3671875 0.08203125 0.12265625
0 0.51015625 0.3 0.0328125 0.05390625
0 0.40546875 0.325 0.03828125 0.05625
0 0.44375 0.30390625 0.05078125 0.1078125
0 0.37578125 0.27265625 0.0296875 0.05234375
0 0.2859375 0.25234375 0.02109375 0.05390625
0 0.41484375 0.165625 0.0453125 0.08046875
0 0.25234375 0.175 0.02265625 0.04140625
0 0.24296875 0.13515625 0.0234375 0.03515625
0 0.2140625 0.12421875 0.0265625 0.03671875
0 0.33203125 0.18203125 0.04296875 0.0921875
0 0.3046875 0.14140625 0.0171875 0.04140625
0 0.28828125 0.11875 0.01484375 0.0296875
0 0.334375 0.11953125 0.0234375 0.03671875
0 0.190625 0.1078125 0.01484375 0.0359375