0 0.6859375 0.80703125 0.20390625 0.21640625
0 0.54375 0.715625 0.11796875 0.16875
0 0.32109375 0.6 0.0234375 0.0515625
0 0.409375 0.615625 0.028125 0.06484375
0 0.35078125 0.590625 0.02734375 0.05859375
0 0.3859375 0.58984375 0.03046875 0.0859375
0 0.32578125 0.52265625 0.06875 0.1046875
0 0.40234375 0.4515625 0.04296875 0.0875
0 0.52734375 0.596875 0.03515625 0.05859375
0 0.48046875 0.63671875 0.034375 0.071875
0 0.815625 0.8140625 0.08671875 0.10546875
0 0.5171875 0.4984375 0.03359375 0.0609375
0 0.52578125 0.5546875 0.04921875 0.04921875
0 0.45859375 0.3859375 0.034375 0.05625
0 0.42890625 0.39921875 0.0328125 0.07421875
0 0.60546875 0.43515625 0.03515625 0.0859375
0 0.55234375 0.52109375 0.03984375 0.06015625