0 0.31796875 0.37265625 0.06328125 0.128125
0 0.4078125 0.265625 0.0609375 0.10390625
0 0.5171875 0.196875 0.0703125 0.10703125
0 0.68359375 0.25625 0.0875 0.10078125
0 0.7015625 0.3953125 0.09609375 0.115625
0 0.82578125 0.6953125 0.08203125 0.17265625
0 0.57734375 0.60703125 0.08203125 0.1546875
0 0.4953125 0.64765625 0.08203125 0.19140625
1 0.4203125 0.65703125 0.0296875 0.09609375
0 0.2484375 0.196875 0.0609375 0.09375
0 0.48828125 0.89453125 0.10546875 0.2046875
0 0.37421875 0.05703125 0.05390625 0.08125
0 0.2609375 0.05859375 0.0453125 0.0734375
0 0.19375 0.07109375 0.05234375 0.06015625
0 0.4140625 0.14921875 0.0265625 0.06953125