0 0.296875 0.75703125 0.04921875 0.09140625
0 0.3671875 0.6265625 0.0421875 0.115625
0 0.33828125 0.6125 0.0390625 0.0921875
0 0.39453125 0.56796875 0.03359375 0.059375
0 0.3625 0.5640625 0.02890625 0.05234375
0 0.41015625 0.52578125 0.03046875 0.05390625
0 0.3859375 0.515625 0.03046875 0.0609375
0 0.42109375 0.48046875 0.02578125 0.0375
0 0.40234375 0.45703125 0.021875 0.03515625
0 0.43046875 0.45234375 0.021875 0.03515625
0 0.43984375 0.42578125 0.0234375 0.0296875
1 0.30390625 0.6890625 0.02421875 0.05859375
1 0.359375 0.53203125 0.015625 0.0359375
0 0.28046875 0.884375 0.07421875 0.1609375
1 0.37109375 0.51328125 0.01328125 0.04921875