1 0.35703125 0.578125 0.01328125 0.03203125
1 0.38046875 0.475 0.0140625 0.03203125
0 0.30546875 0.70859375 0.02734375 0.08359375
0 0.3265625 0.740625 0.04921875 0.12109375
0 0.34609375 0.61328125 0.03671875 0.06640625
0 0.3921875 0.5546875 0.028125 0.0875
0 0.371875 0.51875 0.021875 0.06484375
0 0.4125 0.5125 0.01796875 0.046875
0 0.40234375 0.46328125 0.021875 0.0609375
0 0.425 0.47421875 0.021875 0.0390625
0 0.41796875 0.42109375 0.01484375 0.02734375
0 0.3078125 0.878125 0.065625 0.13203125
0 0.428125 0.4421875 0.0234375 0.0421875
0 0.4453125 0.41015625 0.03359375 0.02265625
0 0.45546875 0.37421875 0.01640625 0.02421875
0 0.43515625 0.36328125 0.02109375 0.0546875