0 0.25078125 0.79140625 0.0609375 0.0875
0 0.33671875 0.7640625 0.05 0.071875
0 0.30234375 0.67890625 0.05234375 0.06171875
0 0.4171875 0.71796875 0.05703125 0.08984375
0 0.37890625 0.840625 0.04609375 0.11640625
0 0.28203125 0.92734375 0.06875 0.115625
0 0.34765625 0.5796875 0.0421875 0.0765625
0 0.4875 0.59140625 0.0390625 0.04375
0 0.3765625 0.67265625 0.0515625 0.09921875
0 0.45546875 0.4890625 0.03359375 0.04375
0 0.60234375 0.3984375 0.02578125 0.0421875
0 0.58203125 0.434375 0.02421875 0.0390625
0 0.55234375 0.42578125 0.02734375 0.04296875
0 0.1734375 0.90234375 0.06640625 0.103125