0 0.403125 0.7859375 0.0515625 0.09921875
0 0.22890625 0.7234375 0.04921875 0.09296875
0 0.253125 0.63671875 0.040625 0.07890625
0 0.353125 0.5609375 0.0640625 0.1375
0 0.27265625 0.71171875 0.04609375 0.0921875
0 0.11875 0.86171875 0.059375 0.134375
0 0.109375 0.7640625 0.04609375 0.125
0 0.22265625 0.55078125 0.02890625 0.0546875
0 0.2109375 0.50703125 0.02890625 0.0484375
0 0.83046875 0.72890625 0.08203125 0.08984375
0 0.6578125 0.61328125 0.06953125 0.1734375
0 0.46328125 0.51953125 0.0421875 0.0546875
0 0.41328125 0.4953125 0.040625 0.07109375
0 0.48671875 0.51171875 0.03203125 0.0640625
0 0.5625 0.490625 0.040625 0.06015625
0 0.534375 0.4953125 0.0328125 0.046875
0 0.51171875 0.503125 0.040625 0.05546875
1 0.2453125 0.40078125 0.01953125 0.04375
0 0.81328125 0.36484375 0.025 0.04765625
0 0.7140625 0.3078125 0.01875 0.03203125