1 0.36328125 0.76640625 0.07265625 0.1
1 0.46328125 0.69453125 0.0453125 0.08671875
0 0.20078125 0.690625 0.0625 0.1515625
0 0.20078125 0.53125 0.08046875 0.1890625
0 0.2453125 0.440625 0.034375 0.07890625
0 0.2796875 0.70390625 0.0625 0.12890625
0 0.2734375 0.609375 0.05859375 0.08515625
0 0.2875 0.55 0.0546875 0.08515625
0 0.28203125 0.4921875 0.040625 0.07265625
0 0.28203125 0.40703125 0.03671875 0.05625
0 0.29765625 0.33125 0.034375 0.0625
0 0.35 0.275 0.02890625 0.053125
0 0.328125 0.3125 0.0421875 0.053125
0 0.32890625 0.36171875 0.0390625 0.040625
0 0.33203125 0.396875 0.04453125 0.0390625
0 0.3390625 0.6640625 0.0546875 0.11328125
0 0.33203125 0.5703125 0.06171875 0.0890625
0 0.32734375 0.4984375 0.0484375 0.07890625
0 0.32890625 0.44140625 0.0421875 0.06484375
0 0.39375 0.63359375 0.06328125 0.12734375
0 0.45703125 0.6125 0.0453125 0.1
0 0.428125 0.5421875 0.04609375 0.07578125
0 0.378125 0.5484375 0.0546875 0.07578125
0 0.371875 0.4859375 0.04140625 0.06796875
0 0.3640625 0.42890625 0.02890625 0.06953125
0 0.40390625 0.44140625 0.03359375 0.06796875
0 0.5234375 0.6015625 0.11796875 0.26328125
0 0.65703125 0.5421875 0.08203125 0.096875
0 0.43515625 0.34609375 0.07578125 0.13515625
0 0.47421875 0.42421875 0.10625 0.08515625
0 0.7109375 0.4171875 0.06640625 0.06796875