1 0.30078125 0.459375 0.05 0.1359375
1 0.42421875 0.4546875 0.05 0.1390625
0 0.25 0.625 0.23359375 0.19296875
0 0.16484375 0.44296875 0.10546875 0.1234375
0 0.9 0.78359375 0.2 0.19296875
0 0.70390625 0.32890625 0.11328125 0.3453125
0 0.9203125 0.27421875 0.05703125 0.06953125
0 0.9671875 0.23828125 0.04609375 0.059375
0 0.890625 0.228125 0.04453125 0.05078125
0 0.87734375 0.2015625 0.0328125 0.04609375
0 0.36171875 0.41328125 0.090625 0.13359375
0 0.4671875 0.41953125 0.07265625 0.1203125
0 0.503125 0.3359375 0.06953125 0.09296875
0 0.4296875 0.33671875 0.05703125 0.07421875
0 0.5578125 0.27265625 0.04765625 0.0640625