0 0.1734375 0.90625 0.075 0.1078125
0 0.209375 0.93359375 0.08203125 0.1234375
0 0.2984375 0.90390625 0.07890625 0.1140625
0 0.25390625 0.78359375 0.090625 0.1046875
0 0.27578125 0.8328125 0.06875 0.0984375
0 0.33203125 0.75703125 0.06875 0.08515625
0 0.403125 0.71484375 0.06640625 0.13125
0 0.31875 0.7171875 0.05390625 0.0703125
0 0.31171875 0.6703125 0.0515625 0.0734375
0 0.3515625 0.6546875 0.0421875 0.07421875
0 0.37734375 0.671875 0.05078125 0.11328125
0 0.46484375 0.62734375 0.03671875 0.075
0 0.4171875 0.63046875 0.03515625 0.0609375
0 0.4453125 0.59296875 0.040625 0.0625
0 0.40546875 0.57265625 0.04296875 0.08671875
0 0.3453125 0.57734375 0.05234375 0.09609375
0 0.5015625 0.565625 0.03515625 0.06875
0 0.48671875 0.52421875 0.03046875 0.04453125
0 0.46484375 0.496875 0.03671875 0.06953125
0 0.4953125 0.47734375 0.03203125 0.04453125
0 0.5453125 0.4890625 0.0359375 0.0640625
1 0.5390625 0.43828125 0.0171875 0.0453125
0 0.503125 0.434375 0.02890625 0.04921875
0 0.528125 0.4 0.02734375 0.04375
0 0.56640625 0.3984375 0.0296875 0.046875
0 0.56953125 0.43984375 0.0359375 0.05546875
0 0.6046875 0.390625 0.02578125 0.0421875
0 0.59609375 0.3546875 0.021875 0.03515625
0 0.6171875 0.3625 0.0203125 0.02890625
0 0.640625 0.3359375 0.0265625 0.0390625
0 0.61171875 0.3125 0.01953125 0.03046875
0 0.578125 0.3328125 0.03671875 0.03515625