0 0.6859375 0.78359375 0.2046875 0.31171875
0 0.45 0.83046875 0.07890625 0.134375
0 0.51796875 0.82421875 0.0859375 0.128125
0 0.56953125 0.91328125 0.0984375 0.14375
0 0.59609375 0.8203125 0.10234375 0.13515625
0 0.54921875 0.7578125 0.084375 0.1015625
0 0.50859375 0.68828125 0.07734375 0.1046875
0 0.45234375 0.6078125 0.06328125 0.10234375
0 0.31015625 0.64921875 0.0578125 0.08828125
0 0.26328125 0.659375 0.053125 0.0734375
0 0.278125 0.75078125 0.06875 0.0921875
0 0.3046875 0.934375 0.0953125 0.12421875
0 0.2859375 0.82421875 0.07109375 0.11171875
0 0.34296875 0.7421875 0.07578125 0.11640625
0 0.375 0.84140625 0.084375 0.11953125
0 0.44921875 0.46484375 0.084375 0.12890625
0 0.51875 0.82421875 0.0796875 0.12890625
0 0.71875 0.61171875 0.08046875 0.07578125
0 0.659375 0.9234375 0.10625 0.153125
0 0.50546875 0.48046875 0.05390625 0.071875
0 0.2765625 0.41171875 0.03828125 0.05625
0 0.34921875 0.6015625 0.053125 0.0890625
0 0.43125 0.396875 0.0359375 0.0421875
0 0.59140625 0.4859375 0.04921875 0.0734375
0 0.275 0.4703125 0.0359375 0.03125
0 0.2890625 0.5046875 0.0453125 0.03984375
0 0.2453125 0.490625 0.0375 0.071875
0 0.46640625 0.39375 0.034375 0.05703125
0 0.53984375 0.4703125 0.0375 0.0671875
0 0.359375 0.44609375 0.0734375 0.1046875
0 0.3390625 0.3828125 0.0625 0.0859375
0 0.37109375 0.4078125 0.0640625 0.1046875
0 0.246875 0.36640625 0.03125 0.0515625