0 0.16328125 0.4375 0.10390625 0.1375
0 0.48046875 0.62265625 0.275 0.23046875
0 0.8375 0.73671875 0.32421875 0.2265625
0 0.74453125 0.8953125 0.3859375 0.2
0 0.3609375 0.415625 0.0890625 0.1375
0 0.46953125 0.40390625 0.08984375 0.11953125
0 0.7109375 0.375 0.125 0.26484375
0 0.50703125 0.3359375 0.0609375 0.0953125
0 0.88984375 0.32734375 0.08046875 0.10625
0 0.9390625 0.22109375 0.06171875 0.07890625
1 0.95 0.29296875 0.0875 0.1015625
1 0.29765625 0.45078125 0.059375 0.12890625
0 0.4296875 0.45390625 0.05390625 0.1375
0 0.56640625 0.275 0.05390625 0.07734375
0 0.63515625 0.20625 0.0546875 0.06953125