0 0.42890625 0.8828125 0.06640625 0.21640625
0 0.80625 0.72578125 0.08125 0.09921875
0 0.6609375 0.6125 0.06875 0.1421875
0 0.27265625 0.70625 0.040625 0.071875
0 0.228125 0.721875 0.0390625 0.08203125
0 0.11796875 0.8625 0.053125 0.11875
0 0.11171875 0.75703125 0.04140625 0.10859375
1 0.31640625 0.5390625 0.021875 0.04765625
0 0.4625 0.51484375 0.03671875 0.05859375
0 0.5140625 0.503125 0.040625 0.05625
0 0.4140625 0.49765625 0.03828125 0.0609375
0 0.22421875 0.5453125 0.028125 0.04296875
0 0.81484375 0.36875 0.0171875 0.03515625