0 0.440625 0.5078125 0.084375 0.1609375
0 0.425 0.7265625 0.08671875 0.1765625
0 0.6421875 0.403125 0.078125 0.1203125
0 0.8171875 0.53203125 0.10234375 0.165625
0 0.834375 0.709375 0.06484375 0.13984375
0 0.39765625 0.24609375 0.09609375 0.15078125
0 0.315625 0.31328125 0.10234375 0.171875
0 0.2546875 0.190625 0.06484375 0.11328125
0 0.090625 0.15 0.0828125 0.11171875
0 0.37265625 0.0578125 0.0546875 0.0921875
0 0.27421875 0.08125 0.0484375 0.08125
0 0.45703125 0.0796875 0.0625 0.11640625
0 0.5125 0.0578125 0.03984375 0.09609375
1 0.41484375 0.1453125 0.03359375 0.06953125