0 0.6453125 0.7765625 0.16875 0.17421875
0 0.5328125 0.6875 0.0859375 0.1515625
0 0.49765625 0.61171875 0.04609375 0.06796875
0 0.528125 0.5625 0.034375 0.046875
0 0.55625 0.49296875 0.02734375 0.0375
0 0.5265625 0.48515625 0.02890625 0.0453125
0 0.5765625 0.3875 0.03359375 0.08203125
0 0.60390625 0.453125 0.02421875 0.08203125
0 0.80234375 0.80546875 0.109375 0.1046875
0 0.4109375 0.61796875 0.03046875 0.07578125
0 0.38828125 0.5921875 0.0390625 0.07265625
0 0.3578125 0.59609375 0.04609375 0.08046875
0 0.328125 0.60234375 0.03828125 0.059375
0 0.33203125 0.53671875 0.06953125 0.103125
0 0.40078125 0.46171875 0.05078125 0.0921875
0 0.45546875 0.390625 0.03671875 0.06328125
0 0.5484375 0.29296875 0.0265625 0.03203125
0 0.5375 0.35703125 0.0234375 0.0375