0 0.47734375 0.6953125 0.0265625 0.05625
0 0.328125 0.52734375 0.05 0.08515625
0 0.32265625 0.596875 0.0234375 0.0375
0 0.35390625 0.60078125 0.025 0.0421875
0 0.38671875 0.59375 0.02734375 0.046875
0 0.4078125 0.61640625 0.0265625 0.03828125
0 0.48984375 0.615625 0.02734375 0.04921875
0 0.50703125 0.67265625 0.0234375 0.05
0 0.59609375 0.75390625 0.1328125 0.15703125
0 0.7765625 0.81484375 0.16875 0.15078125
0 0.53515625 0.58125 0.0234375 0.0421875
0 0.503125 0.55625 0.025 0.0375
0 0.40078125 0.453125 0.03359375 0.0609375
0 0.45625 0.3890625 0.0296875 0.04921875
0 0.5796875 0.5265625 0.01875 0.04140625